Accesion 	SS	SS_pos	SS_2014
GCF_000020065.1	-0.736	0.035	0.097
GCF_000085865.1	-0.369	0.035	0.097
GCF_000008245.1	-0.795	0.052	0.135
GCF_000006625.1	-0.861	0.052	0.135
GCF_000021265.1	-0.861	0.052	0.135
GCF_000238995.1	-0.176	0.06	0.166
GCF_000186985.1	-0.176	0.06	0.166
GCF_000027325.1	-0.69	0.076	0.243
GCF_000477415.1	-0.159	0.077	0.204
GCF_000179035.2	-0.159	0.077	0.204
GCF_000277795.1	-0.159	0.077	0.204
GCF_000145705.1	-1.133	0.085	0.138
GCF_000287295.1	-0.048	0.108	0.33
GCF_000328725.1	-0.517	0.207	0.362
GCF_000063605.1	-0.968	0.25	0.533
GCF_000183385.1	-0.968	0.25	0.533
GCF_000026205.1	-0.322	0.251	0.27
GCF_000012765.1	-0.772	0.253	0.561
GCF_000025845.1	-0.778	0.258	0.436
GCF_000439455.1	-0.743	0.282	0.603
GCF_000439435.1	-0.738	0.287	0.523
GCF_000008365.1	-0.633	0.292	0.385
GCF_000011445.1	-0.7	0.325	0.635
GCF_000500935.1	-0.696	0.359	1.185
GCF_000400955.1	-0.616	0.409	0.799
GCF_000019685.1	-0.785	0.432	0.627
GCF_000012085.1	-0.755	0.432	0.596
GCF_000445425.4	-0.768	0.449	0.522
GCF_000222835.1	-0.76	0.459	0.629
GCF_000009845.1	0.029	0.488	0.551
GCF_000304455.1	-0.561	0.494	0.868
GCF_000225325.1	-1.218	0.568	1.076
GCF_000006685.1	-0.538	0.702	1.258
GCF_000007485.1	-0.902	0.716	1.506
GCF_000008065.1	-1.351	0.727	1.279
GCF_000011985.1	-1.834	0.801	1.332
GCF_000214785.1	-1.01	0.801	1.303
GCF_000007605.1	-0.418	0.822	1.278
GCF_000224985.1	-0.548	0.872	1.434
GCF_000008885.1	-0.72	0.885	1.601
GCF_000014385.1	-1.212	0.915	1.544
GCF_000195575.1	-2.843	0.942	1.746
GCF_000026405.1	-1.215	0.947	1.604
GCF_000092505.1	-1.467	0.947	1.604
GCF_000014445.1	-1.467	0.947	1.604
GCF_000237995.1	-1.498	0.947	1.604
GCF_000024565.1	-0.439	0.986	1.678
GCF_000018785.1	-1.658	1.058	1.64
GCF_000219805.1	-0.796	1.102	1.699
GCF_000270085.1	-0.973	1.106	1.773
GCF_000020565.1	0.028	1.11	1.59
GCF_000014505.1	-1.099	1.186	1.994
GCF_000009545.1	-1.757	1.186	2.044
GCF_000011225.1	-0.048	1.206	1.465
GCF_000400935.1	0.107	1.224	1.53
GCF_000470775.1	-2.876	1.23	2.496
GCF_000300135.1	-0.783	1.295	2.015
GCF_000211375.1	-1.981	1.3	2.044
GCF_000237205.1	-1.129	1.35	2.218
GCF_000015345.1	-1.395	1.372	1.795
GCF_000007665.1	-2.486	1.395	2.46
GCF_000069225.1	-3.148	1.4	2.584
GCF_000590555.1	-3.031	1.401	2.488
GCF_000177535.2	-3.164	1.403	2.784
GCF_000093065.1	0.416	1.434	2.371
GCF_000023205.1	-3.588	1.44	2.985
GCF_000018885.1	-2.959	1.563	3.84
GCF_000023145.1	-2.622	1.574	3.118
GCF_000063485.1	-3.55	1.578	2.548
GCF_000355695.1	-3.105	1.578	2.548
GCF_000253155.1	-1.813	1.593	2.071
GCF_000463465.1	-1.399	1.681	2.174
GCF_000463505.1	-1.589	1.681	2.174
GCF_000027165.1	-1.178	1.681	2.248
GCF_000479315.1	-1.321	1.686	2.396
GCF_000287355.1	0.134	1.694	2.203
GCF_000026065.1	-0.196	1.736	2.29
GCF_000006605.1	-2.895	1.741	2.84
GCF_000143705.1	-2.097	1.744	2.564
GCF_000092785.1	-2.246	1.764	2.511
GCF_000017005.1	-1.177	1.8	2.351
GCF_000246835.1	-1.384	1.845	2.409
GCF_000441535.1	-0.863	1.845	2.409
GCF_000014205.1	-1.727	1.845	2.454
GCF_000007465.2	-1.379	1.85	2.438
GCF_000317975.2	-0.619	1.946	2.742
GCF_000010425.1	0.745	1.954	3.338
GCF_000025205.1	0.857	1.982	2.704
GCF_000024225.1	0.14	1.989	3.1
GCF_000270205.1	0.684	2.044	2.184
GCF_000283555.1	0.684	2.044	2.184
GCF_000271405.2	-0.256	2.084	3.036
GCF_000344785.1	-2.371	2.087	3.163
GCF_000024445.1	0.728	2.114	3.309
GCF_000347695.1	0.647	2.114	3.309
GCF_000304215.1	0.957	2.119	3.338
GCF_000014345.1	0.105	2.146	2.284
GCF_000306885.1	0.506	2.209	2.3
GCF_000208385.1	0.192	2.254	3.039
GCF_000218875.1	-1.019	2.255	2.596
GCF_000504125.1	-0.045	2.258	3.061
GCF_000060345.1	-2.205	2.304	4.31
GCF_000013165.1	0.761	2.323	2.616
GCF_000307165.1	-1.402	2.331	2.965
GCF_000441555.1	0.96	2.335	2.431
GCF_000376585.1	0.754	2.341	2.817
GCF_000008385.1	0.936	2.341	2.602
GCF_000340865.1	0.406	2.367	2.828
GCF_000143845.1	-0.044	2.388	3.488
GCF_000011685.1	-0.662	2.389	3.619
GCF_000447675.1	0.346	2.405	2.405
GCF_000063545.1	0.809	2.406	2.196
GCF_000010205.1	0.809	2.406	2.196
GCF_000196315.1	-1.724	2.422	3.944
GCF_000253015.1	0.152	2.423	2.519
GCF_000340905.1	0.478	2.439	3.597
GCF_000015445.1	0.103	2.47	2.664
GCF_000340795.1	-0.073	2.48	3.082
GCF_000018205.1	0.078	2.491	2.427
GCF_000496595.1	0.163	2.511	2.373
GCF_000283615.1	0.315	2.513	3.77
GCF_000023465.1	-2.099	2.536	4.521
GCF_000265385.1	-2.043	2.54	4.028
GCF_000219355.1	0.261	2.559	2.456
GCF_000022525.1	1.245	2.589	2.616
GCF_000024925.1	-2.2	2.64	4.065
GCF_000157355.2	-0.123	2.647	3.099
GCF_000046705.1	-0.102	2.649	2.889
GCF_000341385.1	-0.276	2.649	2.889
GCF_000284155.1	0.618	2.652	2.542
GCF_000183665.1	0.135	2.667	2.508
GCF_000202635.1	-2.292	2.685	4.256
GCF_000024505.1	0.569	2.686	3.221
GCF_000012565.1	0.569	2.686	2.616
GCF_000013145.1	0.569	2.686	2.616
GCF_000026005.1	0.569	2.686	2.647
GCF_000022725.1	-0.349	2.699	2.976
GCF_000196435.1	-0.072	2.699	2.976
GCF_000403645.1	-1.631	2.713	3.8
GCF_000012145.1	0.125	2.724	2.542
GCF_000090965.1	1.584	2.727	2.801
GCF_000299435.1	-2.123	2.729	3.66
GCF_000019905.1	-2.123	2.729	3.66
GCF_000496635.1	-2.123	2.729	3.691
GCF_000008185.1	0.452	2.746	3.682
GCF_000261025.1	-0.053	2.75	3.084
GCF_000325745.1	0.388	2.752	2.933
GCF_000230275.1	-0.359	2.778	3.324
GCF_000418365.1	-2.545	2.778	3.781
GCF_000212375.1	-0.323	2.797	3.572
GCF_000025925.1	-0.498	2.816	3.614
GCF_000319385.1	-0.319	2.818	2.877
GCF_000332115.1	-1.461	2.83	3.724
GCF_000179395.2	-2.568	2.851	4.228
GCF_000092825.1	-2.287	2.851	4.228
GCF_000007325.1	-0.228	2.872	3.207
GCF_000215105.1	-2.009	2.888	4.865
GCF_000292685.1	2.564	2.914	3.927
GCF_000242335.1	-0.465	2.92	3.305
GCF_000022105.1	-0.432	2.961	4.105
GCF_000009145.1	-1.745	2.974	3.395
GCF_000164885.1	-1.281	2.993	3.366
GCF_000226315.1	-1.206	3.016	3.591
GCF_000014765.1	-1.385	3.022	3.644
GCF_000175095.2	-0.917	3.022	3.644
GCF_000250635.1	-1.341	3.051	3.6
GCF_000271325.1	-1.594	3.081	3.831
GCF_000242595.2	0.335	3.084	3.182
GCF_000023285.1	-0.869	3.126	3.601
GCF_000017565.1	-2.493	3.156	3.736
GCF_000219175.1	1.82	3.157	3.579
GCF_000220625.1	-0.998	3.161	3.499
GCF_000163055.2	0.84	3.169	3.111
GCF_000195085.1	-0.032	3.171	3.342
GCF_000195315.1	1.605	3.192	3.598
GCF_000265465.1	-0.813	3.193	3.556
GCF_000236705.1	-1.143	3.193	3.962
GCF_000225345.1	-0.166	3.196	3.566
GCF_000006725.1	-0.511	3.204	4.139
GCF_000144605.1	-1.881	3.216	4.036
GCF_000194605.1	-1.24	3.239	4.683
GCF_000193395.1	0.368	3.258	3.335
GCF_000190595.1	-1.302	3.273	5.278
GCF_000060285.1	0.568	3.277	4.195
GCF_000144405.1	0.098	3.288	3.333
GCF_000023925.1	-1.822	3.306	5.02
GCF_000043285.1	2.062	3.311	4.051
GCF_000164695.2	-0.77	3.326	4.911
GCF_000011025.1	0.261	3.326	4.882
GCF_000021285.1	0.354	3.364	3.339
GCF_000026085.1	-1.962	3.371	3.989
GCF_000011745.1	2.125	3.374	4.051
GCF_000185985.2	2.125	3.374	4.051
GCF_000252975.1	0.047	3.374	4.331
GCF_000163895.2	0.412	3.384	3.592
GCF_000092845.1	-0.001	3.421	4.105
GCF_000147075.1	0.943	3.423	4.388
GCF_000189415.1	-0.566	3.437	4.893
GCF_000178835.2	0.558	3.444	3.997
GCF_000224085.1	-1.479	3.458	5.738
GCF_000184345.1	1.115	3.481	4.445
GCF_000152945.2	-0.702	3.483	4.673
GCF_000010185.1	0.586	3.527	3.755
GCF_000284115.1	0.45	3.531	5.976
GCF_000226625.1	-0.04	3.547	3.656
GCF_000087965.2	-1.309	3.547	4.072
GCF_000184065.1	-1.262	3.549	4.279
GCF_000204565.1	0.422	3.556	3.739
GCF_000214355.1	1.167	3.556	3.739
GCF_000010225.1	-1.713	3.559	5.148
GCF_000233915.3	-2.171	3.605	4.932
GCF_000007785.1	0.661	3.645	4.67
GCF_000024665.1	0.535	3.657	3.099
GCF_000069945.1	-0.384	3.668	5.259
GCF_000016905.1	1.149	3.717	3.779
GCF_000024105.1	0.943	3.723	3.643
GCF_000011305.1	-1.31	3.725	5.148
GCF_000190555.1	-0.976	3.744	5.608
GCF_000009305.1	1.238	3.747	3.573
GCF_000196295.1	0.102	3.748	5.016
GCF_000186225.1	0.614	3.781	4.561
GCF_000025305.1	0.705	3.785	3.853
GCF_000023825.1	-1.307	3.815	4.522
GCF_000253035.1	0.285	3.816	4.333
GCF_000153485.2	0.008	3.872	4.608
GCF_000017545.1	0.833	3.894	3.793
GCF_000348745.1	-0.373	3.899	4.941
GCF_000317875.1	1.416	3.925	4.367
GCF_000178115.2	0.689	3.928	4.809
GCF_000265505.1	-0.589	3.928	4.411
GCF_000236685.1	1.321	3.936	4.205
GCF_000317895.1	-0.524	3.98	5.049
GCF_000023785.1	-1.169	3.985	4.88
GCF_000152825.2	-0.046	3.985	4.184
GCF_000024965.1	-1.011	3.989	5.917
GCF_000311765.1	-0.287	3.996	5.168
GCF_000317305.3	-1.753	4.006	4.728
GCF_000183425.1	-0.819	4.012	5.08
GCF_000400635.2	-1.998	4.023	4.648
GCF_000348725.1	-0.272	4.028	5.075
GCF_000213235.1	0.851	4.03	4.942
GCF_000092285.1	-1.363	4.054	4.977
GCF_000145035.1	0.939	4.076	4.901
GCF_000019745.1	0.085	4.077	5.742
GCF_000265365.1	1.219	4.078	3.476
GCF_000023725.1	-0.251	4.079	4.352
GCF_000010285.1	-0.452	4.119	5.324
GCF_000253275.1	0.195	4.12	4.417
GCF_000175215.2	-1.137	4.163	4.868
GCF_000092025.1	-1.722	4.179	5.671
GCF_000299115.1	-0.12	4.182	4.564
GCF_000192635.1	-1.717	4.184	4.906
GCF_000016285.1	-1.788	4.184	4.906
GCF_000185965.1	-0.495	4.184	5.522
GCF_000499645.1	-1.717	4.184	4.906
GCF_000196235.1	-1.115	4.209	5.903
GCF_000011065.1	-0.387	4.211	4.842
GCF_000190575.1	0.67	4.228	4.248
GCF_000016265.1	-1.84	4.232	5.595
GCF_000230555.1	-1.378	4.232	5.155
GCF_000020265.1	-1.926	4.232	5.949
GCF_000021345.1	-2.008	4.232	5.155
GCF_000287335.1	1.925	4.244	4.972
GCF_000144645.1	1.776	4.267	5.058
GCF_000186265.1	-0.615	4.275	5.578
GCF_000022905.1	-0.236	4.297	6.037
GCF_000007625.1	0.691	4.303	3.67
GCF_000235405.2	1.062	4.305	3.884
GCF_000240075.2	0.43	4.332	5.239
GCF_000255135.1	2.296	4.332	4.137
GCF_000015965.1	1.609	4.34	5.261
GCF_000015665.1	2.006	4.34	5.261
GCF_000347675.2	-1.013	4.35	4.575
GCF_000214215.1	-1.77	4.351	5.801
GCF_000192865.1	-1.385	4.356	5.652
GCF_000166395.1	-0.364	4.366	4.902
GCF_000283515.1	-1.427	4.386	5.557
GCF_000013005.1	-0.991	4.399	5.239
GCF_000146065.2	1.396	4.432	4.715
GCF_000023045.1	-0.273	4.45	5.426
GCF_000265405.1	-0.69	4.451	5.726
GCF_000219585.1	0.097	4.464	4.727
GCF_000007925.1	2.001	4.464	5.261
GCF_000024125.1	0.057	4.479	5.873
GCF_000015565.1	-1.12	4.482	6.375
GCF_000013765.1	-0.574	4.493	5.536
GCF_000348785.1	-0.232	4.502	5.481
GCF_000012825.1	0.339	4.504	5.538
GCF_000046845.1	-1.177	4.519	5.728
GCF_000195275.1	2.812	4.524	4.315
GCF_000221045.1	-1.323	4.537	6.538
GCF_000009165.1	-1.075	4.537	5.346
GCF_000017285.1	-1.545	4.541	5.652
GCF_000014225.1	-1.389	4.541	5.83
GCF_000013665.1	0.049	4.575	5.73
GCF_000213805.1	-1.32	4.577	5.844
GCF_000165465.1	1.258	4.581	3.944
GCF_000328705.1	-0.685	4.587	4.568
GCF_000092225.1	-1.321	4.587	4.411
GCF_000325705.1	-0.438	4.616	6.099
GCF_000091725.1	0.88	4.617	5.914
GCF_000070465.1	-0.845	4.621	6.067
GCF_000092865.1	-0.517	4.632	5.659
GCF_000166415.1	1.532	4.669	4.387
GCF_000013325.1	-0.912	4.669	5.731
GCF_000253255.1	-0.737	4.669	5.553
GCF_000190435.1	2.133	4.676	4.005
GCF_000009805.1	-1.319	4.68	5.908
GCF_000591055.1	0.508	4.683	5.995
GCF_000015645.1	2.118	4.693	5.701
GCF_000018065.1	2.118	4.693	5.701
GCF_000011465.1	1.9	4.693	5.701
GCF_000014125.1	1.687	4.717	4.139
GCF_000019225.1	-0.523	4.719	5.771
GCF_000196355.1	0.781	4.72	4.912
GCF_000020225.1	2.28	4.744	5.218
GCF_000143885.2	-1.081	4.765	4.648
GCF_000012725.1	0.06	4.767	6.079
GCF_000185245.1	2.32	4.776	4.442
GCF_000209655.1	-1.232	4.778	6.238
GCF_000010125.1	0.589	4.797	6.065
GCF_000020145.1	2.075	4.81	4.766
GCF_000166295.1	-0.686	4.811	7.022
GCF_000269985.1	-1.13	4.813	6.28
GCF_000092885.1	-1.236	4.847	6.787
GCF_000284035.1	-1.097	4.858	6.086
GCF_000019065.1	2.73	4.86	4.517
GCF_000212415.1	2.623	4.877	4.755
GCF_000025625.1	0.552	4.882	5.199
GCF_000012325.1	-0.911	4.89	6.01
GCF_000092185.1	4.201	4.906	5.434
GCF_000023585.1	0.015	4.909	4.91
GCF_000018545.1	-0.952	4.926	5.7
GCF_000230695.2	-0.488	4.928	5.793
GCF_000009225.2	-1.224	4.94	5.844
GCF_000027225.1	0.11	4.94	5.785
GCF_000010585.1	0.455	4.958	6.256
GCF_000316685.1	1.282	4.97	6.762
GCF_000023105.1	-0.188	4.971	6.313
GCF_000010825.1	-0.421	4.974	5.863
GCF_000172995.2	0.936	4.977	6.271
GCF_000016365.1	-0.938	4.977	5.908
GCF_000283575.1	1.17	4.978	6.415
GCF_000010605.1	-0.948	4.991	6.458
GCF_000299395.1	3.256	4.998	6.094
GCF_000147835.2	-0.382	5.022	5.993
GCF_000024905.1	3.264	5.051	6.079
GCF_000010645.1	2.965	5.091	4.13
GCF_000027205.1	-0.329	5.118	5.844
GCF_000012245.1	-0.905	5.118	6.022
GCF_000147715.2	2.088	5.124	3.9
GCF_000255295.1	-0.224	5.126	7.394
GCF_000266885.1	0.651	5.129	6.868
GCF_000227705.2	0.676	5.131	6.52
GCF_000015325.1	-0.804	5.138	5.917
GCF_000442645.1	0.088	5.139	6.965
GCF_000184745.1	-1.061	5.152	6.716
GCF_000023345.1	-1.187	5.152	6.538
GCF_000012345.1	0.254	5.172	6.35
GCF_000023405.1	0.546	5.177	6.878
GCF_000008265.1	2.154	5.178	6.305
GCF_000302535.1	-0.591	5.186	6.96
GCF_000012365.1	-1.041	5.186	6.96
GCF_000226565.1	0.264	5.235	6.075
GCF_000025345.1	-0.312	5.253	6.58
GCF_000213255.1	2.109	5.261	5.611
GCF_000355675.1	-0.165	5.265	6.119
GCF_000091985.1	3.147	5.27	7.02
GCF_000023245.1	-0.327	5.283	5.659
GCF_000219915.2	-0.025	5.291	6.526
GCF_000270245.1	-0.558	5.292	7.122
GCF_000250675.2	-0.683	5.295	5.917
GCF_000013705.1	0.723	5.303	5.605
GCF_000024065.1	0.889	5.304	5.874
GCF_000241875.1	1.735	5.307	6.318
GCF_000223885.1	0.558	5.309	6.421
GCF_000072485.1	0.558	5.309	6.421
GCF_000020665.1	0.62	5.309	6.421
GCF_000183135.1	1.27	5.315	5.626
GCF_000176855.2	-0.626	5.316	6.842
GCF_000007705.1	-0.309	5.316	6.889
GCF_000801275.2	-0.521	5.32	7.38
GCF_000024005.1	-0.022	5.322	6.171
GCF_000023265.1	1.702	5.324	7.357
GCF_000359525.1	-0.549	5.33	6.277
GCF_000017405.1	-0.256	5.343	6.306
GCF_000024285.1	0.891	5.347	6.6
GCF_000185885.1	0.881	5.348	6.671
GCF_000019145.1	-0.401	5.364	6.344
GCF_000012845.1	1.504	5.365	6.072
GCF_000442435.1	-0.663	5.369	6.841
GCF_000018945.1	2.939	5.375	5.288
GCF_000222485.1	0.636	5.385	5.992
GCF_000022205.1	1.36	5.388	6.226
GCF_000092365.1	1.808	5.409	6.589
GCF_000477435.1	2.667	5.41	5.414
GCF_000023745.1	0.675	5.426	5.548
GCF_000012645.1	2.696	5.427	5.261
GCF_000014145.1	1.007	5.441	6.335
GCF_000013945.1	1.355	5.446	5.892
GCF_000019045.1	1.548	5.451	6.647
GCF_000023125.1	0.327	5.452	5.684
GCF_000331735.1	-0.039	5.47	6.944
GCF_000024025.1	-0.282	5.491	6.357
GCF_000092385.1	-0.727	5.491	6.535
GCF_000292915.1	-0.801	5.492	6.787
GCF_000212695.1	0.268	5.508	6.099
GCF_000024345.1	-0.259	5.508	6.099
GCF_000242255.2	-0.117	5.512	6.412
GCF_000214825.1	2.848	5.516	5.853
GCF_000014745.1	0.2	5.518	6.568
GCF_000299095.1	0.715	5.525	6.611
GCF_000016765.1	-0.305	5.527	5.304
GCF_000013625.1	-0.224	5.544	7.648
GCF_000503895.1	0.817	5.545	5.673
GCF_000015705.1	2.839	5.551	5.261
GCF_000011485.1	2.839	5.551	5.261
GCF_000024085.1	1.37	5.561	6.2
GCF_000014585.1	2.642	5.586	6.504
GCF_000012625.1	2.244	5.586	6.944
GCF_000012505.1	2.8	5.586	6.504
GCF_000063505.1	2.623	5.586	6.504
GCF_000024465.1	0.006	5.592	7.016
GCF_000242635.2	0.696	5.606	6.362
GCF_000009485.1	-0.739	5.614	6.276
GCF_000192845.1	0.426	5.627	6.264
GCF_000024805.1	-0.327	5.631	6.608
GCF_000317065.1	2.041	5.634	6.812
GCF_000350305.1	4.195	5.642	5.458
GCF_000244875.1	2.099	5.643	6.601
GCF_000020285.1	2.094	5.646	5.579
GCF_000284335.1	3.406	5.657	5.244
GCF_000016565.1	-0.407	5.661	6.954
GCF_000012945.1	-0.743	5.662	6.525
GCF_000015285.1	0.217	5.664	7.343
GCF_000194745.1	-0.698	5.669	7.882
GCF_000260965.1	2.643	5.672	6.068
GCF_000189775.2	3.311	5.672	5.586
GCF_000283275.1	0.03	5.673	7.754
GCF_000196895.1	1.371	5.68	7.712
GCF_000186385.1	0.876	5.683	6.914
GCF_000014245.1	0.108	5.69	7.213
GCF_000016985.1	1.871	5.695	6.33
GCF_000023065.1	2.072	5.73	6.828
GCF_000196475.1	0.527	5.733	7.333
GCF_000023025.1	0.281	5.735	5.597
GCF_000186365.1	4.675	5.748	6.289
GCF_000025905.1	2.072	5.759	7.165
GCF_000009625.1	-0.394	5.764	6.965
GCF_000152245.2	1.489	5.773	5.481
GCF_000470655.1	2.751	5.775	5.681
GCF_000247605.1	2.005	5.799	6.14
GCF_000473995.1	1.941	5.799	6.283
GCF_000281695.1	1.709	5.8	7.44
GCF_000214375.1	2.411	5.8	5.013
GCF_000177195.2	-0.151	5.805	7.236
GCF_000300255.2	4.516	5.809	6.394
GCF_000259255.1	3.468	5.815	6.335
GCF_000012685.1	0.134	5.823	7.562
GCF_000259275.1	3.51	5.827	6.447
GCF_000319575.2	1.991	5.832	7.192
GCF_000025185.1	0.754	5.833	6.428
GCF_000485905.1	2.116	5.834	6.947
GCF_000091785.1	1.136	5.848	5.157
GCF_000007945.1	3.847	5.868	7.064
GCF_000024405.1	3.011	5.875	5.555
GCF_000025645.1	3.631	5.887	5.056
GCF_000200595.1	4.062	5.902	6.61
GCF_000196095.1	0.976	5.922	7.684
GCF_000317085.1	1.796	5.926	6.563
GCF_000091125.1	0.703	5.928	6.676
GCF_000264495.1	5.004	5.928	5.634
GCF_000025085.1	1.712	5.929	7.209
GCF_000177615.2	1.048	5.931	5.278
GCF_000262325.2	-0.09	5.933	6.022
GCF_000494915.1	-0.216	5.934	7.214
GCF_000023705.1	2.217	5.937	6.88
GCF_000230995.2	-0.202	5.942	6.965
GCF_000385525.1	-0.276	5.951	7.691
GCF_000196275.1	1.213	5.952	7.177
GCF_000022645.2	-0.211	5.953	7.442
GCF_000021025.1	0.842	5.961	7.465
GCF_000016185.1	1.225	5.966	5.65
GCF_000147815.2	-0.125	5.966	7.494
GCF_000196495.1	0.879	5.97	7.741
GCF_000063525.1	2.918	5.979	6.753
GCF_000021645.1	4.243	5.992	7.049
GCF_000219105.1	0.319	6.008	8.178
GCF_000973105.1	0.898	6.008	7.178
GCF_000023185.1	-0.226	6.014	6.949
GCF_000012265.1	-0.097	6.024	6.527
GCF_000147335.1	1.229	6.042	7.713
GCF_000143225.1	0.161	6.058	6.095
GCF_000444995.1	0.276	6.058	6.854
GCF_000013025.1	1.005	6.068	6.634
GCF_000148935.1	0.501	6.072	8.005
GCF_000011245.1	0.7	6.088	6.213
GCF_000317615.1	2.819	6.092	6.821
GCF_000347595.1	2.065	6.093	7.32
GCF_000209675.1	2.898	6.098	7.468
GCF_000017705.1	0.802	6.1	7.729
GCF_000330885.1	0.121	6.111	6.047
GCF_000317555.1	1.128	6.113	6.859
GCF_000011345.1	3.075	6.113	7.24
GCF_000215705.1	0.182	6.117	7.072
GCF_000385945.1	0.189	6.128	7.35
GCF_000018665.1	0.174	6.13	8.356
GCF_000165505.1	2.505	6.13	7.172
GCF_000019925.1	-0.11	6.131	7.442
GCF_000010545.1	-0.082	6.131	6.889
GCF_000009745.1	1.012	6.148	7.978
GCF_000025265.1	0.895	6.15	7.722
GCF_000023965.1	1.831	6.154	7.549
GCF_000013985.1	0.725	6.159	6.885
GCF_000093025.1	1.466	6.16	7.116
GCF_000317575.1	2.276	6.161	7.108
GCF_000015305.1	0.247	6.162	6.8
GCF_000022565.1	1.507	6.163	5.831
GCF_000192745.1	0.27	6.165	7.499
GCF_000018325.1	2.606	6.174	5.906
GCF_000148685.1	0.285	6.179	7.337
GCF_000017265.1	0.672	6.179	6.299
GCF_000020945.1	4.493	6.182	6.812
GCF_000153165.2	1.381	6.194	8.044
GCF_000306765.2	1.773	6.202	7.798
GCF_000025685.1	1.664	6.202	7.843
GCF_000230735.2	2.457	6.202	7.049
GCF_000019285.1	2.621	6.206	5.762
GCF_000219045.1	2.448	6.206	5.762
GCF_000267545.1	0.7	6.216	8.318
GCF_000055785.1	0.918	6.25	8.005
GCF_000196615.1	0.102	6.25	7.827
GCF_000330865.1	0.279	6.25	8.005
GCF_000017145.1	0.323	6.269	6.959
GCF_000332735.1	1.857	6.282	7.694
GCF_000317835.1	1.526	6.284	7.797
GCF_000328685.1	1.75	6.285	7.144
GCF_000020685.1	1.169	6.305	7.835
GCF_000008565.1	0.857	6.305	7.617
GCF_000316605.1	2.405	6.318	7.51
GCF_000022365.1	5.281	6.335	7.106
GCF_000213215.1	3.88	6.338	6.703
GCF_000015545.1	0.59	6.353	8.178
GCF_000025885.1	3.345	6.353	6.315
GCF_000145275.1	2.268	6.358	5.731
GCF_000184705.1	2.33	6.366	7.536
GCF_000153405.2	2.197	6.377	8.279
GCF_000016645.1	0.936	6.38	6.898
GCF_000014285.1	2.116	6.402	6.303
GCF_000013085.1	0.86	6.418	7.709
GCF_000143085.1	1.955	6.421	6.853
GCF_000265425.1	2.834	6.43	7.841
GCF_000196875.1	1.033	6.44	7.501
GCF_000204925.1	3.789	6.446	7.714
GCF_000264455.2	0.62	6.457	7.524
GCF_000204295.1	0.375	6.461	8.075
GCF_000025965.1	1.427	6.479	8.17
GCF_000463015.1	0.145	6.484	8.06
GCF_000023325.1	4.176	6.49	5.761
GCF_000092925.1	0.699	6.497	7.901
GCF_000018005.1	0.905	6.508	6.022
GCF_000010305.1	1.47	6.512	6.553
GCF_000091325.1	1.567	6.534	6.733
GCF_000021365.1	1.376	6.575	9.108
GCF_000012805.1	2.116	6.582	7.289
GCF_000404225.1	5.123	6.587	6.549
GCF_000258405.1	3.028	6.596	7.711
GCF_000284275.1	0.362	6.599	7.175
GCF_000283535.1	0.785	6.619	8.179
GCF_000026125.1	1.181	6.623	8.261
GCF_000012605.1	2.984	6.623	7.141
GCF_000155675.2	0.893	6.625	8.478
GCF_000155735.2	0.581	6.625	8.478
GCF_000212735.1	1.252	6.628	7.702
GCF_000015765.1	4.358	6.64	8.165
GCF_000017885.4	1.597	6.667	7.672
GCF_000011145.1	1.463	6.67	6.832
GCF_000007905.1	3.783	6.684	7.309
GCF_000012405.1	1.853	6.684	7.772
GCF_000412695.1	0.615	6.687	7.53
GCF_000026045.1	2.738	6.691	7.409
GCF_000252445.1	1.686	6.694	7.177
GCF_000208405.1	4.672	6.711	7.138
GCF_000092425.1	1.782	6.724	8.889
GCF_000016545.1	3.995	6.733	7.739
GCF_000179915.2	2.352	6.735	7.563
GCF_000233775.1	4.225	6.74	6.584
GCF_000218895.1	1.402	6.742	7.13
GCF_000204415.1	5.25	6.753	9.32
GCF_000024785.1	0.925	6.759	6.864
GCF_000021685.1	2.181	6.784	7.959
GCF_000017585.1	4.008	6.791	7.655
GCF_000013365.1	0.807	6.799	7.33
GCF_000024985.1	2.244	6.805	8.581
GCF_000217715.1	2.254	6.809	8.196
GCF_000260985.3	3.058	6.809	8.258
GCF_000284515.1	1.496	6.813	7.456
GCF_000019945.1	1.242	6.818	8.427
GCF_000012885.1	4.368	6.829	8.474
GCF_000019205.1	4.63	6.837	7.851
GCF_000279145.1	2.878	6.843	8.524
GCF_000185905.1	0.704	6.848	7.648
GCF_000342265.1	1.723	6.852	8.202
GCF_000317495.1	2.071	6.855	6.859
GCF_000143145.1	1.594	6.857	7.58
GCF_000175935.2	0.848	6.87	8.284
GCF_000402035.1	0.962	6.873	7.399
GCF_000013745.1	1.336	6.88	8.178
GCF_000017205.1	1.081	6.887	7.827
GCF_000349845.1	1.081	6.887	7.827
GCF_000270305.1	3.233	6.888	7.391
GCF_000024945.1	3.904	6.891	7.726
GCF_000009365.1	2.077	6.894	8.472
GCF_000317675.1	3.803	6.905	7.692
GCF_000284015.1	1.58	6.907	8.085
GCF_000025325.1	1.924	6.915	7.708
GCF_000389635.1	3.184	6.916	7.946
GCF_000010165.1	2.02	6.92	7.617
GCF_000019845.1	1.18	6.926	6.6
GCF_000026105.1	0.777	6.927	7.392
GCF_000010105.1	1.027	6.94	6.96
GCF_000147695.2	3.215	6.951	6.71
GCF_000316515.1	3.111	6.953	8.44
GCF_000306785.1	2.014	6.953	8.318
GCF_000183745.1	2.454	6.957	8.409
GCF_000013565.1	1.231	6.968	8.47
GCF_000145255.1	3.466	6.973	7.559
GCF_000328665.1	4.578	6.977	8.628
GCF_000009125.1	1.045	6.987	8.303
GCF_000283475.1	0.905	6.987	8.303
GCF_000011385.1	2.282	7.012	6.999
GCF_000013865.1	0.935	7.035	8.552
GCF_000259175.1	1.835	7.064	8.724
GCF_000336425.1	1.2	7.064	8.605
GCF_000016205.1	0.786	7.065	8.292
GCF_000014265.1	3.532	7.068	7.455
GCF_000013885.1	1.695	7.084	9.039
GCF_000164985.3	3.135	7.097	9.255
GCF_000235585.1	2.383	7.097	9.255
GCF_000009405.1	2.341	7.097	8.425
GCF_000178955.2	2.213	7.098	7.563
GCF_000444875.1	1.042	7.103	8.208
GCF_000023605.1	1.844	7.112	8.854
GCF_000019445.1	0.962	7.112	7.463
GCF_000024765.1	4.403	7.118	6.306
GCF_000009865.1	2.851	7.118	8.448
GCF_000023865.1	2.142	7.132	7.591
GCF_000018105.1	1.812	7.137	7.742
GCF_000152265.2	4.595	7.141	8.193
GCF_000279165.1	1.389	7.142	9.046
GCF_000246855.1	1.331	7.146	7.812
GCF_000011105.1	5.989	7.147	6.261
GCF_000178975.2	2.17	7.151	6.949
GCF_000019965.1	2.757	7.151	9.337
GCF_000009965.1	5.867	7.152	7.143
GCF_000022545.1	5.821	7.152	7.602
GCF_000151205.2	5.703	7.152	7.106
GCF_000014025.1	4.366	7.195	8.179
GCF_000283655.1	1.3	7.195	8.291
GCF_000010725.1	1.064	7.195	8.113
GCF_000010805.1	1.322	7.195	7.236
GCF_000263195.1	2.089	7.202	7.201
GCF_000224675.1	1.491	7.209	8.719
GCF_000239975.1	1.798	7.209	8.719
GCF_000284095.1	4.493	7.211	8.348
GCF_000024185.1	5.529	7.227	8.086
GCF_000019485.1	3.652	7.229	7.713
GCF_000010525.1	1.741	7.243	8.03
GCF_000013725.1	4.394	7.25	7.688
GCF_000317105.1	2.92	7.25	7.751
GCF_000196535.1	4.782	7.256	9.087
GCF_000025565.1	1.846	7.257	8.968
GCF_000011085.1	2.576	7.264	8.803
GCF_000012445.1	1.242	7.265	7.214
GCF_000473245.1	2.278	7.281	8.03
GCF_000013445.1	5.435	7.303	8.4
GCF_000015025.1	3.198	7.316	7.618
GCF_000247715.1	1.269	7.331	7.143
GCF_000093145.3	1.166	7.332	8.717
GCF_000012545.1	5.264	7.356	8.084
GCF_000015085.1	4.589	7.368	8.531
GCF_000177235.2	2.46	7.372	8.348
GCF_000327505.1	6.043	7.38	6.221
GCF_000194135.1	4.984	7.385	8.269
GCF_000484535.1	2.637	7.386	7.299
GCF_000286275.1	2.12	7.387	8.897
GCF_000016325.1	2.263	7.387	8.719
GCF_000317045.1	3.7	7.423	7.722
GCF_000011185.1	4.801	7.423	7.619
GCF_000304355.2	4.805	7.43	8.459
GCF_000230895.2	1.631	7.435	7.676
GCF_000367425.1	1.299	7.435	9.146
GCF_000236065.1	1.461	7.438	8.992
GCF_000018485.1	5.011	7.441	8.382
GCF_000017225.1	5.011	7.441	8.382
GCF_000165925.1	2.348	7.446	8.516
GCF_000009825.1	1.924	7.452	8.021
GCF_000023385.1	2.954	7.453	8.607
GCF_000019525.1	1.983	7.461	9.39
GCF_000344805.1	1.211	7.47	7.849
GCF_000145215.1	4.799	7.473	7.128
GCF_000166335.1	4.849	7.473	7.523
GCF_000022325.1	4.737	7.475	7.299
GCF_000166355.1	4.358	7.475	7.739
GCF_000166695.1	4.737	7.475	7.739
GCF_000016965.1	3.358	7.48	7.768
GCF_000143685.1	3.856	7.48	7.768
GCF_000144695.1	4.958	7.486	7.806
GCF_000196675.1	1.891	7.49	9.07
GCF_000446015.1	6.624	7.502	8.412
GCF_000023985.1	5.894	7.507	8.603
GCF_000091665.1	6.002	7.507	8.479
GCF_000024365.1	2.062	7.507	9.431
GCF_000014065.1	2.071	7.545	8.544
GCF_000246985.2	6.189	7.549	7.71
GCF_000284235.1	3.114	7.557	8.868
GCF_000012985.1	2.407	7.558	8.283
GCF_000014905.1	1.746	7.565	8.195
GCF_000010625.1	2.745	7.582	8.153
GCF_000014725.1	3.204	7.593	8.074
GCF_000058485.1	2.332	7.603	7.13
GCF_000144915.1	5.303	7.606	9.085
GCF_000024685.1	2.429	7.621	8.956
GCF_000165835.1	1.523	7.623	9.152
GCF_000166055.1	2.418	7.625	9.082
GCF_000091305.1	1.436	7.668	8.158
GCF_000203875.1	1.505	7.671	9.152
GCF_000023945.1	4.539	7.681	7.205
GCF_000196395.1	2.444	7.684	9.017
GCF_000148645.1	2.622	7.684	9.062
GCF_000007745.1	3.325	7.684	8.825
GCF_000015245.1	2.747	7.684	9.017
GCF_000014705.1	2.332	7.684	8.95
GCF_000016065.1	2.464	7.684	9.062
GCF_000146165.2	2.497	7.684	9.062
GCF_000018285.1	1.947	7.684	9.066
GCF_000299235.1	4.659	7.688	7.463
GCF_000210895.1	4.247	7.725	8.827
GCF_000017245.1	3.997	7.727	9.088
GCF_000022985.1	4.231	7.73	8.827
GCF_000015825.1	5.477	7.73	8.775
GCF_000014885.1	2.665	7.732	9.266
GCF_000009345.1	2.338	7.732	9.311
GCF_000389965.1	1.899	7.734	9.189
GCF_000317695.1	3.148	7.734	7.304
GCF_000327485.1	5.778	7.735	8.264
GCF_000016885.1	2.753	7.753	9.019
GCF_000317795.1	5.532	7.763	9.569
GCF_000092465.1	6.94	7.77	8.503
GCF_000968535.2	2.832	7.776	7.995
GCF_000017625.1	5.336	7.783	8.323
GCF_000015945.1	7.111	7.785	8.085
GCF_000015225.1	7.115	7.793	8.444
GCF_000317635.1	4.566	7.81	7.455
GCF_000024425.1	2.487	7.828	9.198
GCF_000316575.1	3.041	7.831	7.493
GCF_000410575.1	1.494	7.833	8.075
GCF_000219215.1	1.557	7.85	9.283
GCF_000590495.2	1.557	7.85	9.283
GCF_000019125.1	1.665	7.881	9.055
GCF_000023845.1	5.229	7.884	8.67
GCF_000017425.1	3.079	7.893	8.898
GCF_000176035.2	1.749	7.893	8.635
GCF_000005825.2	2.366	7.894	8.628
GCF_000494755.1	2.159	7.912	9.367
GCF_000284295.1	2.008	7.912	10.229
GCF_000025005.1	3.204	7.912	9.616
GCF_000284315.1	4.489	7.931	7.881
GCF_000404165.1	5.629	7.933	8.082
GCF_000014825.1	2.111	7.936	8.222
GCF_000230715.2	3.626	7.939	8.962
GCF_000018265.1	2.454	7.96	8.849
GCF_000016425.1	2.454	7.96	8.849
GCF_000169195.2	2.895	7.966	8.638
GCF_000092645.1	2.493	7.966	7.544
GCF_000016525.1	5.488	7.969	7.801
GCF_000021825.1	3.79	7.971	7.713
GCF_000328625.1	5.539	7.982	8.528
GCF_000312705.1	4.395	7.987	7.722
GCF_000317435.1	4.547	7.992	7.751
GCF_000317125.1	3.077	7.992	7.929
GCF_000166095.1	5.935	7.992	8.122
GCF_000317515.1	3.055	7.992	7.751
GCF_000020025.1	2.892	7.992	7.751
GCF_000316625.1	3.168	7.992	7.751
GCF_000316665.1	3.377	7.992	7.751
GCF_000230975.2	3.236	7.994	9.266
GCF_000015725.1	2.073	7.994	9.444
GCF_000021745.1	2.491	8.004	8.756
GCF_000008325.1	4.401	8.01	9.08
GCF_000015265.1	2.385	8.013	9.689
GCF_000316175.1	2.121	8.018	7.897
GCF_000069965.1	3.235	8.023	9.616
GCF_000009705.1	3.37	8.04	7.971
GCF_000061505.1	2.281	8.044	8.391
GCF_000300475.1	2.996	8.068	9.16
GCF_000018825.1	2.882	8.068	9.16
GCF_000015745.1	3.054	8.068	9.219
GCF_000327065.1	2.195	8.074	9.407
GCF_000012285.1	5.457	8.078	8.973
GCF_000465235.1	5.635	8.084	8.982
GCF_000019665.1	5.231	8.098	8.062
GCF_000019605.1	5.394	8.112	8.088
GCF_000014185.1	3.683	8.115	10.74
GCF_000214665.1	3.651	8.116	7.672
GCF_000012305.1	3.157	8.116	9.076
GCF_000021965.1	5.308	8.125	8.718
GCF_000014565.1	1.787	8.129	8.926
GCF_000014005.1	4.029	8.131	9.5
GCF_000015045.1	5.176	8.141	8.867
GCF_000009725.1	4.842	8.149	7.832
GCF_000253295.1	2.331	8.151	9.406
GCF_000316645.1	3.155	8.17	7.751
GCF_000317475.1	3.953	8.17	8
GCF_000196015.1	1.879	8.172	9.444
GCF_000009285.1	1.879	8.172	9.444
GCF_000241385.1	2.28	8.174	9.073
GCF_000219705.1	2.046	8.196	8.075
GCF_000022885.2	3.646	8.199	9.459
GCF_000027085.1	2.372	8.201	9.497
GCF_000147055.1	2.598	8.201	9.675
GCF_000164865.1	2.464	8.201	9.497
GCF_000330845.1	2.065	8.201	9.675
GCF_000026225.1	2.306	8.201	9.497
GCF_000286435.2	3.484	8.201	9.44
GCF_000422085.1	2.337	8.201	9.675
GCF_000018085.1	2.328	8.201	9.675
GCF_000306725.1	5.692	8.203	8.652
GCF_000015165.1	1.804	8.212	7.849
GCF_000026145.1	1.953	8.212	7.849
GCF_000019785.1	2.444	8.219	8.653
GCF_000017845.1	3.189	8.221	7.952
GCF_000300005.1	2.697	8.235	8.906
GCF_000199675.1	5.095	8.235	9.32
GCF_000018045.1	2.384	8.249	9.924
GCF_000011605.1	2.967	8.249	9.746
GCF_000019725.1	2.347	8.281	8.987
GCF_000017165.1	6.106	8.284	8.382
GCF_000006175.1	6.122	8.284	8.332
GCF_000024385.1	2.645	8.305	9.707
GCF_000025525.1	7.119	8.307	8.429
GCF_000179575.2	6.507	8.307	8.546
GCF_000025865.1	5.779	8.317	9.61
GCF_000317025.1	3.787	8.324	8.153
GCF_000016125.1	5.947	8.327	8.337
GCF_000196655.1	6	8.338	10.673
GCF_000499765.1	6.409	8.345	8.87
GCF_000145295.1	6.27	8.36	8.588
GCF_000008645.1	6.054	8.365	8.617
GCF_000214415.1	6.285	8.365	8.536
GCF_000018305.1	5.945	8.376	9.407
GCF_000017645.1	2.248	8.376	8.793
GCF_000015505.1	2.77	8.383	9.266
GCF_000021725.1	6.725	8.394	9.478
GCF_000284375.1	1.999	8.397	8.831
GCF_000017185.1	6.328	8.408	8.536
GCF_000022085.1	2.324	8.409	9.07
GCF_000184325.1	2.69	8.426	9.062
GCF_000145235.1	2.676	8.429	9.98
GCF_000177635.2	4.681	8.435	9.448
GCF_000007345.1	5.753	8.44	8.934
GCF_000007065.1	5.877	8.44	8.875
GCF_000020485.1	5.701	8.442	8.38
GCF_000011205.1	5.341	8.442	10.689
GCF_000007005.1	5.307	8.448	10.774
GCF_000195895.1	5.842	8.452	9.72
GCF_000019165.1	5.558	8.482	8.557
GCF_000196695.1	2.506	8.485	9.281
GCF_000017465.2	6.219	8.518	8.809
GCF_000305935.1	6.077	8.528	9.313
GCF_000018025.1	3.122	8.55	9.988
GCF_000013685.1	2.708	8.551	8.798
GCF_000143165.1	4.434	8.573	9.359
GCF_000018605.1	6.398	8.587	8.633
GCF_000011965.2	2.707	8.625	10.07
GCF_000270285.1	5.189	8.626	8.751
GCF_000211475.1	7.527	8.644	7.891
GCF_000263735.1	7.609	8.644	8.685
GCF_000015005.1	2.855	8.646	9.112
GCF_000245355.1	2.586	8.66	8.939
GCF_000177255.2	2.56	8.678	8.222
GCF_000020445.1	2.979	8.678	8.222
GCF_000024725.1	4.152	8.687	9.328
GCF_000154785.2	2.913	8.687	10.062
GCF_000266905.1	2.846	8.694	9.361
GCF_000024165.1	3.884	8.727	9.034
GCF_000092985.1	3.326	8.728	10.495
GCF_000011365.1	2.474	8.746	9.189
GCF_000186345.1	4.541	8.754	9.47
GCF_000217995.1	6.514	8.759	8.892
GCF_000236665.1	3.415	8.765	9.967
GCF_000478885.1	5.601	8.79	8.983
GCF_000022045.1	3.796	8.807	8.482
GCF_000184685.1	3.257	8.807	10.598
GCF_000235565.1	7.104	8.807	9.113
GCF_000218625.1	4.923	8.811	10.254
GCF_000010985.1	5.091	8.844	9.592
GCF_000008125.1	4.708	8.859	10.274
GCF_000025725.1	5.418	8.867	10.061
GCF_000017725.2	6.317	8.898	9.991
GCF_000198515.1	4.249	8.921	9.164
GCF_000243155.2	4.386	8.931	10.273
GCF_000024545.1	3.678	8.963	9.546
GCF_000021765.1	3.55	8.982	10.14
GCF_000009905.1	4.64	8.997	10.156
GCF_000019185.1	3.559	9.016	10.406
GCF_000304315.1	3.983	9.035	8.828
GCF_000157895.3	3.16	9.047	9.801
GCF_000243075.1	3.333	9.063	8.776
GCF_000284255.1	3.35	9.066	9.212
GCF_000190635.1	5.258	9.137	8.499
GCF_000092405.1	5.505	9.199	9.096
GCF_000024885.1	7.136	9.203	10.129
GCF_000014045.1	3.43	9.204	10.675
GCF_000265295.1	6.684	9.205	10.376
GCF_000349945.1	3.78	9.207	9.527
GCF_000151105.2	7.741	9.21	9.331
GCF_000242895.2	3.146	9.211	10.719
GCF_000294515.1	3.821	9.223	10.744
GCF_000204115.1	4.142	9.241	9.748
GCF_000013405.1	6.093	9.249	9.829
GCF_000221185.1	8.198	9.259	9.189
GCF_000195335.1	5.279	9.271	10.922
GCF_000215995.1	8.24	9.307	8.67
GCF_000018365.1	8.308	9.307	10.091
GCF_000025665.1	8.156	9.315	9.177
GCF_000092905.1	4.767	9.384	11.645
GCF_000021865.1	3.849	9.437	10.012
GCF_000020325.1	7.035	9.456	8.383
GCF_000023885.1	5.271	9.469	9.557
GCF_000019365.1	3.514	9.483	10.271
GCF_000007985.2	5.695	9.551	10.286
GCF_000015585.1	4.793	9.554	10.041
GCF_000242455.2	4.37	9.559	10.005
GCF_000012425.1	3.941	9.56	9.967
GCF_000183405.1	5.837	9.605	9.994
GCF_000092305.1	8.11	9.608	10.629
GCF_000243135.2	5.278	9.668	10.185
GCF_000010045.1	4.813	9.673	10.214
GCF_000016605.1	6.753	9.677	10.974
GCF_000020725.1	5.401	9.71	10.198
GCF_000023645.1	5.692	9.71	10.227
GCF_000012925.1	4.556	9.715	10.227
GCF_000016745.1	5.334	9.715	10.227
GCF_000187005.1	5.447	9.717	10.805
GCF_000203895.1	3.79	9.748	10.163
GCF_000014785.1	5.308	9.868	10.962
GCF_000024845.1	5.574	9.869	9.718
GCF_000223395.1	8.862	9.872	10.759
GCF_000018625.1	4.356	9.902	10.326
GCF_000418325.1	4.223	9.921	10.879
GCF_000062885.1	4.069	9.934	10.394
GCF_000147355.1	7.651	9.955	10.785
GCF_000024265.1	5.922	9.986	9.387
GCF_000020385.1	6.524	10.066	10.555
GCF_000022265.1	5.51	10.068	10.667
GCF_000175115.2	5.829	10.068	10.667
GCF_000309885.1	5.612	10.07	11.245
GCF_000024865.1	4.128	10.09	11.603
GCF_000186245.1	7.414	10.111	11.171
GCF_000092125.1	5.105	10.118	11.317
GCF_000018345.1	4.267	10.123	10.799
GCF_000020525.1	6.913	10.128	10.337
GCF_000190315.1	7.544	10.131	11.902
GCF_000015145.1	9.23	10.161	10.326
GCF_000010345.1	7.437	10.164	11.271
GCF_000251105.1	7.297	10.171	10.489
GCF_000021545.1	7.907	10.179	9.474
GCF_000016405.1	4.504	10.193	10.303
GCF_000015205.1	8.15	10.229	11.782
GCF_000013385.1	5.633	10.236	11.691
GCF_000185805.1	7.886	10.314	10.399
GCF_000008625.1	7.631	10.393	10.536
GCF_000021945.1	6.291	10.411	10.776
GCF_000024625.1	8.847	10.414	10.61
GCF_000013105.1	8.447	10.472	10.837
GCF_000012965.1	7.988	10.528	11.41
GCF_000012485.1	7.742	10.53	10.746
GCF_000016085.1	8.116	10.533	10.828
GCF_000025605.1	8.087	10.555	11.824
GCF_000017805.1	5.58	10.572	11.065
GCF_000016665.1	5.58	10.572	11.065
GCF_000067165.1	5.114	10.654	11.061
GCF_000063445.1	7.645	10.687	10.447
GCF_000020625.1	8.362	10.827	10.973
GCF_000183725.1	8.168	10.847	11.775
GCF_000092245.1	6.395	10.858	11.088
GCF_000025545.1	7.406	10.925	12.03
GCF_000020785.1	9.319	11.056	12.147
GCF_000014865.1	6.864	11.076	11.335
GCF_000191045.1	8.783	11.157	11.065
GCF_000020505.1	8.288	11.244	10.987
GCF_000193375.1	8.705	11.248	12.55
GCF_000009985.1	6.094	11.275	11.754
GCF_000010405.1	8.94	11.306	12.139
GCF_000020805.1	6.327	11.323	11.722
GCF_000281175.1	6.159	11.457	11.929
GCF_000017505.1	6.463	11.531	12.479
GCF_000018405.1	8.007	11.557	12.357
GCF_000092945.1	9.011	11.583	11.682
GCF_000010325.1	8.51	11.614	11.761
GCF_000214095.2	7.436	11.646	11.815
GCF_000020465.1	9.23	11.715	11.792
GCF_000015125.1	8.974	11.715	11.806
GCF_000253055.1	9.906	11.81	13.305
GCF_000025505.1	8.541	11.928	12.392
GCF_000021565.1	9.754	12.059	11.402
GCF_000212395.1	10.012	12.228	13.449
GCF_000016165.1	8.706	12.336	12.133
GCF_000148385.1	10.112	12.431	14.108
GCF_000385565.1	9.569	12.459	13.955
GCF_000012865.1	8.907	12.623	13.092
GCF_000215975.1	10.772	12.94	14.402
GCF_000010785.1	10.157	12.954	13.05
GCF_000025945.1	10.151	13.066	14.199
GCF_000176915.2	9.971	13.097	14.611
GCF_000266945.1	8.238	13.145	14.639
GCF_000189295.2	9.487	13.155	14.478
GCF_000025705.1	8.373	13.193	13.873
GCF_000024205.1	9.615	13.473	13.878
GCF_000212675.2	10.479	13.486	14.67
GCF_000024605.1	12.508	13.613	14.217
GCF_000018425.1	11.972	13.613	13.904
GCF_000215085.1	10.187	13.634	14.326
GCF_000233715.2	9.528	13.642	14.174
GCF_000143965.1	9.607	13.652	14.049
GCF_000255115.2	8.91	13.661	14.212
GCF_000022125.1	11.034	13.661	14.139
GCF_000195295.1	10.947	13.683	14.335
GCF_000020365.1	9.317	13.699	14.201
GCF_000186885.1	9.442	13.699	14.246
GCF_000231385.2	9.06	13.807	14.285
GCF_000235605.1	9.128	13.812	14.079
GCF_000024325.1	11.511	13.816	14.441
GCF_000012665.1	11.5	13.834	14.333
GCF_000008665.1	10.229	13.839	14.67
GCF_000021905.1	9.284	13.839	14.611
GCF_000307105.1	10.574	13.839	14.331
GCF_000021385.1	11.093	13.839	14.611
GCF_000020985.1	10.793	13.839	14.153
GCF_000092205.1	10.574	13.841	14.497
GCF_000217795.1	10.851	13.866	14.395
GCF_000025285.1	12.024	13.87	14.15
GCF_000194625.1	10.89	13.887	14.366
GCF_000010665.1	10.322	13.887	14.611
GCF_000023445.1	10.923	13.897	14.419
GCF_000023225.1	10.495	13.983	14.372
GCF_000297055.2	10.699	14.007	15.02
GCF_000341395.1	10.202	14.163	14.924
GCF_000014965.1	10.342	14.236	15.028
GCF_000006985.1	11.354	14.253	14.25
GCF_000020545.1	11.649	14.283	14.456
GCF_000327045.1	9.756	14.39	14.799
GCF_000025485.1	10.737	14.453	14.512
GCF_000012585.1	11.625	14.51	14.843
GCF_000020645.1	11.836	14.666	15.072
GCF_000321415.2	10.846	14.893	15.08
GCF_000012745.1	11.61	15.194	15.205
GCF_000227745.2	10.633	15.296	15.245

