SS_2017	SS_2014
16.488	16.711
16.459	16.705
16.394	15.29
16.34	16.656
16.207	16.546
16.171	16.406
16.112	16.503
15.997	16.089
15.918	16.423
15.767	16.442
15.763	16.061
15.712	16.303
15.707	16.303
15.657	16.277
15.652	16.297
15.585	16.087
15.564	16.315
15.5	16.258
15.435	15.958
15.419	16.225
15.416	15.611
15.412	16.225
15.383	16.121
15.383	16.121
15.381	16.127
15.381	16.217
15.355	16.168
15.352	16.211
15.299	16.185
15.276	15.512
15.276	15.512
15.24	16.128
15.236	16.127
15.236	16.127
15.236	16.127
15.236	16.127
15.234	16.127
15.234	16.127
15.234	16.127
15.234	16.127
15.234	16.127
15.217	15.584
15.21	16.121
15.181	16.101
15.177	16.07
15.152	16.095
15.146	16.064
15.146	16.064
15.064	16.252
15.057	15.93
15.021	15.521
14.959	15.876
14.954	15.786
14.954	16.217
14.892	16.07
14.859	15.574
14.854	14.08
14.797	15.098
14.765	14.952
14.765	14.952
14.698	15.611
14.579	15.742
14.577	15.104
14.554	15.253
14.531	15.413
14.512	15.216
14.457	15.19
14.454	14.954
14.452	16.07
14.449	15.291
14.445	15.38
14.418	15.555
14.416	15.383
14.409	15.152
14.407	15.152
14.39	15.354
14.387	15.117
14.382	14.885
14.37	15.11
14.359	15.498
14.35	14.828
14.339	14.72
14.302	15.291
14.248	15.754
14.228	14.115
14.211	13.719
14.175	14.715
14.163	14.147
14.134	15.462
14.125	14.989
14.087	14.544
14.072	14.631
14.035	15.155
14.033	14.925
13.978	14.152
13.966	15.223
13.935	13.535
13.919	14.842
13.916	14.58
13.891	14.731
13.89	14.836
13.853	15.296
13.847	14.107
13.83	14.415
13.817	15.374
13.785	15.216
13.779	14.672
13.752	15.253
13.727	14.684
13.697	14.868
13.691	14.783
13.688	12.88
13.679	15.039
13.676	13.666
13.676	13.544
13.676	13.575
13.676	13.666
13.667	13.453
13.667	13.446
13.667	13.666
13.667	13.446
13.667	13.477
13.667	13.666
13.667	13.544
13.643	14.335
13.639	14.419
13.628	14.861
13.613	15.063
13.611	13.446
13.611	13.446
13.611	13.392
13.611	13.294
13.611	13.446
13.611	13.392
13.611	13.294
13.611	13.294
13.611	13.666
13.599	14.654
13.571	13.575
13.57	14.648
13.569	13.659
13.562	13.355
13.562	13.477
13.562	13.355
13.562	13.477
13.562	13.575
13.562	13.477
13.562	13.575
13.552	13.986
13.552	14.419
13.551	13.477
13.551	13.478
13.533	13.471
13.533	13.471
13.515	13.446
13.515	13.446
13.515	13.446
13.515	13.477
13.515	13.477
13.515	13.568
13.515	13.477
13.506	13.477
13.506	13.355
13.506	13.477
13.506	13.568
13.506	13.355
13.506	13.477
13.506	13.477
13.506	13.568
13.506	13.568
13.506	13.568
13.506	13.446
13.506	13.568
13.506	13.477
13.506	13.568
13.506	13.477
13.506	13.568
13.506	13.568
13.506	13.568
13.506	13.568
13.506	13.568
13.506	13.568
13.495	13.265
13.495	13.265
13.495	13.387
13.495	14.235
13.479	14.071
13.477	13.471
13.459	13.568
13.455	13.363
13.45	13.446
13.45	13.294
13.45	13.568
13.45	13.294
13.45	13.568
13.45	13.294
13.45	13.294
13.45	13.355
13.45	13.568
13.45	13.568
13.45	13.294
13.446	13.454
13.446	13.363
13.446	13.265
13.446	13.485
13.446	13.387
13.446	13.363
13.439	14.124
13.424	14.528
13.421	13.44
13.421	13.44
13.421	13.288
13.41	13.477
13.41	13.477
13.41	13.477
13.401	13.477
13.401	13.456
13.401	13.477
13.401	13.477
13.401	13.477
13.401	13.477
13.401	13.477
13.401	13.477
13.401	13.477
13.401	13.568
13.401	13.477
13.401	13.477
13.401	13.477
13.401	13.477
13.401	13.477
13.401	13.477
13.401	13.355
13.401	13.477
13.401	13.355
13.401	13.477
13.401	13.477
13.401	13.477
13.401	13.477
13.401	13.477
13.392	13.945
13.39	13.265
13.39	13.363
13.39	13.356
13.39	13.363
13.39	13.477
13.39	13.355
13.387	14.268
13.38	14.121
13.372	13.419
13.372	13.471
13.372	13.349
13.372	13.471
13.372	13.419
13.372	13.471
13.371	14.326
13.361	13.259
13.345	13.355
13.334	13.265
13.334	13.387
13.334	13.356
13.334	13.387
13.325	13.911
13.323	13.349
13.316	13.349
13.302	14.73
13.285	13.265
13.285	13.265
13.285	13.387
13.285	13.265
13.285	13.265
13.285	13.265
13.285	13.265
13.285	13.265
13.285	13.265
13.285	13.265
13.285	13.265
13.285	13.477
13.285	13.355
13.285	13.355
13.285	13.265
13.285	13.265
13.285	13.265
13.285	13.265
13.285	13.387
13.285	13.387
13.285	13.265
13.285	13.355
13.269	13.44
13.266	13.552
13.256	13.259
13.246	14.179
13.233	13.836
13.229	12.837
13.229	13.265
13.229	13.387
13.229	13.265
13.229	13.265
13.229	13.265
13.229	13.265
13.229	13.265
13.229	13.265
13.229	13.477
13.219	13.265
13.2	13.259
13.2	13.349
13.185	12.557
13.178	13.996
13.173	13.685
13.158	13.355
13.158	14.114
13.156	13.963
13.152	14.111
13.151	13.238
13.151	14.328
13.15	13.161
13.128	14.095
13.116	13.8
13.116	13.8
13.101	13.288
13.039	14.286
13.027	13.367
12.994	13.473
12.965	14.476
12.958	12.055
12.943	13.267
12.938	13.259
12.933	13.44
12.929	13.107
12.929	13.107
12.927	13.481
12.906	13.446
12.902	14.419
12.884	13.562
12.88	12.803
12.869	13.326
12.863	14.479
12.863	14.479
12.857	13.273
12.815	13.986
12.812	13.613
12.8	13.265
12.781	13.765
12.772	14.455
12.771	12.831
12.77	13.265
12.749	13.85
12.734	13.512
12.714	13.3
12.695	14.034
12.678	13.984
12.658	13.502
12.658	13.6
12.658	14.249
12.658	13.502
12.64	12.902
12.636	12.837
12.636	12.923
12.628	12.759
12.619	13.356
12.614	12.605
12.61	13.492
12.607	13.259
12.587	13.349
12.576	12.644
12.568	13.03
12.563	13.282
12.561	13.334
12.547	12.638
12.544	13.098
12.533	13.005
12.513	12.839
12.504	13.44
12.502	14.146
12.495	13.529
12.485	13.1
12.485	13.1
12.477	13.326
12.448	13.086
12.443	12.613
12.441	13.147
12.438	13.622
12.432	12.536
12.425	14.012
12.412	13.186
12.396	13.295
12.384	14.152
12.38	13.464
12.379	13.445
12.369	11.543
12.343	12.803
12.333	13.881
12.327	12.242
12.321	13.244
12.297	13.367
12.294	13.541
12.265	12.628
12.248	12.47
12.225	12.238
12.225	12.238
12.209	12.714
12.203	12.744
12.202	14.45
12.202	14.45
12.197	13.225
12.194	12.81
12.176	12.217
12.176	12.217
12.169	12.908
12.161	13.134
12.137	13.47
12.128	13.18
12.128	12.963
12.092	13.546
12.065	13.378
12.014	13.44
11.998	13.376
11.99	11.99
11.973	13.471
11.973	13.544
11.971	13.471
11.957	12.326
11.955	13.397
11.944	12.782
11.932	12.338
11.926	12.985
11.916	11.466
11.899	13.232
11.896	13.097
11.894	11.915
11.87	11.798
11.842	12.681
11.837	13.1
11.837	12.957
11.836	12.704
11.811	12.593
11.811	12.471
11.788	13.521
11.777	11.988
11.772	12.702
11.738	12.375
11.729	12.541
11.726	13.229
11.726	13.135
11.718	11.817
11.709	11.78
11.706	12.709
11.697	12.401
11.695	12.03
11.682	12.805
11.675	11.939
11.668	12.522
11.666	13.293
11.654	12.536
11.611	12.884
11.565	13.125
11.557	12.796
11.557	12.796
11.549	12.579
11.546	11.561
11.542	12.759
11.54	13.47
11.482	11.903
11.482	11.475
11.404	12.34
11.396	11.344
11.366	12.042
11.365	13.134
11.343	11.121
11.343	11.411
11.343	11.121
11.343	11.137
11.343	11.121
11.343	11.121
11.343	11.121
11.343	11.121
11.339	12.855
11.318	12.156
11.312	12.607
11.31	12.6
11.3	12.145
11.286	12.855
11.276	12.061
11.274	11.916
11.257	11.16
11.257	11.054
11.249	12.136
11.245	11.984
11.238	11.03
11.229	12.341
11.212	12.277
11.208	12.535
11.201	11.314
11.198	12.701
11.18	12.694
11.18	12.694
11.172	11.928
11.167	13.269
11.156	11.792
11.144	11.708
11.131	12.255
11.124	12.863
11.115	10.61
11.111	12.631
11.104	10.454
11.103	12.185
11.102	11.62
11.086	11.038
11.086	11.328
11.078	12.54
11.055	11.004
11.055	10.882
11.055	10.882
11.055	10.882
11.04	12.477
11.039	11.402
11.03	10.947
11.026	12.109
11.018	11.942
11.006	11.883
11.001	11.48
10.984	11.193
10.982	12.58
10.969	12.522
10.95	10.913
10.948	11.68
10.942	11.944
10.934	11.495
10.928	10.306
10.914	11.998
10.896	12.271
10.884	12.235
10.878	11.373
10.878	11.373
10.876	11.915
10.872	12.952
10.855	11.685
10.848	11.525
10.835	10.821
10.82	10.438
10.777	11.205
10.773	11.128
10.773	11.282
10.773	10.557
10.771	10.422
10.762	11.647
10.762	11.435
10.755	10.429
10.741	12.566
10.737	10.562
10.72	10.527
10.713	11.556
10.713	10.628
10.697	11.359
10.696	12.088
10.694	12.704
10.661	11.387
10.657	10.764
10.657	10.764
10.657	11.192
10.657	11.314
10.657	11.192
10.657	11.192
10.657	10.764
10.657	11.192
10.657	11.192
10.657	11.192
10.631	11.404
10.6	10.01
10.571	10.764
10.571	11.495
10.569	10.266
10.548	11.861
10.533	11.467
10.518	10.371
10.474	10.799
10.466	10.764
10.466	11.282
10.466	10.764
10.459	11.261
10.454	11.26
10.444	11.881
10.433	11.407
10.387	10.809
10.386	10.764
10.383	11.7
10.3	11.693
10.296	11.2
10.26	11.754
10.241	10.183
10.191	10.595
10.173	10.786
10.165	10.635
10.165	11.969
10.005	10.648
9.967	10.795
9.962	11.019
9.949	10.528
9.932	10.168
9.924	10.73
9.9	10.679
9.9	10.251
9.886	9.958
9.882	10.398
9.867	9.978
9.866	10.244
9.86	10.943
9.849	10.131
9.784	10.467
9.784	10.228
9.784	10.467
9.784	10.589
9.784	10.589
9.777	9.929
9.776	10.668
9.768	10.951
9.754	10.293
9.677	10.234
9.677	10.234
9.675	10.923
9.669	10.173
9.645	9.408
9.618	10.13
9.597	10.506
9.593	10.039
9.56	9.184
9.558	9.599
9.497	9.386
9.49	10.466
9.453	10.158
9.41	10.008
9.403	10.32
9.323	10.155
9.276	9.689
9.274	9.823
9.27	11.242
9.269	9.357
9.243	10.287
9.241	10.351
9.193	10.78
9.167	9.749
9.16	9.137
9.16	11.222
9.136	9.895
9.077	10.114
8.982	10.342
8.982	10.342
8.981	10.965
8.978	10.364
8.971	10.453
8.9	9.29
8.895	9.583
8.847	9.182
8.796	10.141
8.725	8.991
8.67	9.035
8.648	10.227
8.648	10.227
8.613	9.57
8.527	8.463
8.476	10.148
8.435	9.641
8.421	9.5
8.296	8.824
8.184	10.019
8.184	10.019
8.163	9.554
8.149	10.067
8.101	8.845
8.1	9.261
8	8.824
7.991	8.243
7.945	8.925
7.924	9.814
7.871	8.664
7.786	8.914
7.732	9.711
7.711	8.572
7.694	9.507
7.546	8.634
7.539	8.107
7.492	8.664
7.437	10.028
7.423	7.659
7.423	7.659
7.423	7.659
7.392	8.4
7.374	9.705
7.36	7.675
7.306	7.063
7.297	7.752
7.088	7.895
7.076	9.064
7.023	7.667
7.023	7.667
6.95	7.219
6.922	7.831
6.921	8.305
6.878	8.257
6.779	7.863
6.762	8.318
6.748	7.883
6.748	7.883
6.714	8.891
6.713	7.875
6.68	6.938
6.67	7.759
6.646	8.039
6.625	7.676
6.552	7.227
6.481	8.752
6.445	7.234
6.182	7.472
6.174	7.155
6.167	8.46
6.072	6.868
6.011	7.467
6.011	7.467
5.997	7.551
5.98	6.102
5.974	7.135
5.949	6.894
5.847	7.504
5.733	7.353
5.733	7.353
5.625	5.699
5.578	6.838
5.578	6.838
5.571	7.968
5.571	7.968
5.565	6.646
5.474	6.932
5.386	5.388
5.353	5.943
5.22	7.523
5.2	5.946
5.096	6.569
5.092	4.915
5.058	6.015
5.046	6.408
5.026	4.912
5.009	7.472
4.994	6.609
4.972	6.007
4.967	4.785
4.91	5.745
4.909	6.178
4.909	6.178
4.907	6.931
4.732	6.232
4.732	6.232
4.656	5.867
4.656	5.867
4.656	5.867
4.656	5.867
4.656	5.867
4.656	5.867
4.656	5.867
4.517	5.751
4.48	5.08
4.478	5.149
4.44	5.626
4.411	4.99
4.38	5.492
4.363	5.949
4.334	4.939
4.313	4.928
4.291	5.506
4.289	4.294
4.281	4.904
4.28	5.606
4.252	5.475
4.246	5.291
4.243	4.526
4.217	5.032
4.197	4.844
4.167	5.797
4.158	5.683
4.07	4.734
4.012	4.521
3.954	4.68
3.932	4.722
3.932	4.722
3.862	4.482
3.833	4.226
3.73	4.42
3.73	4.42
3.643	4.989
3.594	3.522
3.495	3.964
3.478	3.926
3.464	4.712
3.392	4.618
3.368	4.31
3.351	4.463
3.319	3.194
3.286	4.856
3.267	2.765
3.212	4.195
3.193	4.057
3.188	4.113
3.188	4.113
3.187	3.825
3.118	3.367
3.118	3.718
3.09	4.098
3.044	3.934
3.007	3.401
2.929	4.191
2.862	4.136
2.818	3.563
2.792	3.724
2.728	4.331
2.726	3.159
2.721	3.045
2.707	3.463
2.675	3.707
2.665	2.329
2.66	3.062
2.631	3.507
2.63	2.703
2.623	3.157
2.61	2.889
2.517	3.244
2.465	3.445
2.379	2.813
2.377	2.796
2.343	3.094
2.328	3.411
2.084	2.813
2.074	2.667
2.068	2.998
2.068	2.716
1.989	2.96
1.972	2.262
1.914	4.419
1.91	2.867
1.891	2.709
1.891	2.231
1.882	2.618
1.877	2.664
1.838	2.499
1.804	4.551
1.79	2.322
1.742	2.386
1.712	1.368
1.703	2.287
1.632	2.196
1.594	2.356
1.528	2.495
1.528	1.513
1.517	2.156
1.515	1.916
1.513	2.52
1.49	2.341
1.453	1.986
1.435	2.405
1.372	1.712
1.356	2.164
1.354	2.168
1.343	1.866
1.293	2.516
1.286	1.897
1.201	1.917
1.157	1.534
1.127	0.934
1.113	1.211
1.096	1.832
1.064	1.311
1.057	1.367
1.025	2.284
1.022	1.178
1.002	1.905
0.998	0.885
0.987	1.513
0.98	0.85
0.951	1.837
0.929	1.875
0.913	1.268
0.909	0.838
0.83	1.66
0.828	1.099
0.821	0.805
0.808	1.378
0.804	1.378
0.8	1.173
0.742	1.396
0.716	1.217
0.698	1.077
0.686	0.824
0.668	0.663
0.647	1.089
0.633	1.362
0.595	1.169
0.592	0.844
0.591	0.617
0.564	1.286
0.542	0.517
0.523	1.341
0.498	0.886
0.487	0.769
0.483	0.867
0.47	0.516
0.467	0.605
0.465	1.877
0.458	1.17
0.455	0.409
0.355	0.985
0.35	0.379
0.35	0.538
0.331	0.563
0.331	0.563
0.33	0.299
0.326	0.569
0.325	0.509
0.318	0.613
0.298	0.322
0.269	0.487
0.253	1.083
0.234	0.326
0.232	0.241
0.224	0.177
0.14	0.324
0.126	0.169
0.1	0.529
0.085	0.386
0.076	0.122
0.076	0.122
0.059	0.136
0.057	0.07
0.057	0.07
0.014	0.105
0.001	0.009
0.001	0.009
0.001	0.009
0.001	0.009
0	0.033

