ID 	30	60	100	150	200	250	300
4440036.3	3.044	3.242	2.923	2.932	2.788	2.939	2.901
4440037.3	4.478	4.794	4.738	4.951	4.92	4.922	4.879
4440038.3	5.22	5.318	4.872	5.06	4.988	5.036	4.93
4440039.3	5.353	6.258	6.006	6.201	6.193	6.216	6.198
4440041.3	4.158	4.396	3.852	3.815	3.751	3.801	3.778
4440060.4	5.058	6.881	6.684	6.74	6.609	6.742	6.655
4440061.3	0.595	1.115	1.131	1.17	1.126	1.166	1.149
4440067.3	7.871	9.416	8.964	9.178	9.097	9.131	9.008
4440090.3	5.046	6.014	5.711	5.863	5.865	5.915	5.849
4440102.3	0.716	0.575	0.46	0.477	0.45	0.481	0.482
4440144.4	0.35	0.212	0.182	0.179	0.179	0.178	0.178
4440145.4	1.343	1.412	1.279	1.351	1.326	1.361	1.314
4440279.3	0.83	0.751	0.688	0.718	0.699	0.708	0.713
4440280.3	0.929	0.916	0.786	0.811	0.761	0.809	0.798
4440281.3	11.274	13.303	12.317	12.646	12.69	12.765	12.628
4440282.3	3.392	3.608	3.425	3.407	3.329	3.401	3.309
4440304.3	4.656	4.518	3.728	3.734	3.764	3.757	3.729
4440305.3	3.932	4.18	3.985	4.07	4.021	4.029	3.898
4440306.3	7.423	8.304	8.064	8.386	8.319	8.377	8.252
4440319.3	2.328	2.783	2.61	2.694	2.674	2.682	2.683
4440320.3	1.157	0.886	0.9	0.886	0.886	0.877	0.846
4440321.3	0.253	0.096	0.071	0.063	0.077	0.07	0.065
4440322.3	3.188	3.03	2.861	2.878	2.843	2.867	2.886
4440323.3	0.014	0.096	0.069	0.079	0.055	0.091	0.087
4440324.3	4.167	4.065	3.639	3.742	3.788	3.825	3.827
4440325.3	0.355	0.408	0.373	0.359	0.353	0.358	0.363
4440327.3	0.668	0.781	0.62	0.701	0.678	0.712	0.666
4440328.3	0.33	0.161	0.116	0.167	0.141	0.161	0.17
4440329.3	10.928	12.021	10.964	11.231	11.159	11.368	11.301
4440358.3	5.733	5.855	5.051	5.138	5.068	5.189	5.093
4440359.3	3.73	3.854	3.553	3.496	3.458	3.502	3.479
4440360.3	3.351	3.946	3.721	3.768	3.798	3.727	3.683
4440361.3	5.578	5.946	5.391	5.454	5.363	5.432	5.333
4440362.3	6.011	6.32	5.536	5.597	5.551	5.664	5.555
4440363.3	2.377	2.466	2.264	2.384	2.3	2.4	2.362
4440364.3	6.481	6.371	6.024	6.2	6.189	6.188	6.146
4440365.3	1.064	1.214	1.163	1.194	1.166	1.191	1.184
4440370.3	1.127	1.186	1.016	1.082	1.09	1.092	1.038
4440371.3	0.592	0.562	0.469	0.455	0.424	0.461	0.454
4440372.3	0.35	0.212	0.182	0.179	0.179	0.178	0.178
4440373.3	0.647	0.259	0.211	0.204	0.21	0.212	0.219
4440374.3	3.495	3.268	2.735	2.735	2.806	2.728	2.657
4440375.3	1.528	1.606	1.583	1.709	1.642	1.701	1.706
4440376.3	1.354	1.189	1.11	1.194	1.235	1.231	1.201
4440377.3	0.47	0.459	0.41	0.404	0.421	0.375	0.366
4440379.3	0.234	0.271	0.245	0.32	0.287	0.298	0.313
4440380.3	0.059	0.02	0.003	0	0	0	0.008
4440381.3	0.325	0.389	0.349	0.346	0.344	0.328	0.33
4440411.3	1.877	2.361	1.906	1.942	1.913	1.934	1.946
4440412.3	0.455	0.288	0.28	0.264	0.263	0.273	0.26
4440413.3	4.28	5.019	4.706	4.796	4.783	4.815	4.809
4440414.3	0.232	0.187	0.164	0.156	0.153	0.155	0.155
4440416.3	1.372	1.172	1.065	1.068	1.085	1.092	1.076
4440417.3	0.14	0.223	0.233	0.3	0.259	0.319	0.307
4440419.3	2.465	2.483	2.215	2.259	2.194	2.254	2.284
4440420.3	3.464	3.107	2.593	2.714	2.641	2.79	2.714
4440421.3	0.542	0.34	0.307	0.345	0.334	0.343	0.342
4440422.3	4.197	5.181	4.836	4.998	5.009	5.071	5.081
4440423.3	8.982	10.461	9.742	9.942	9.899	9.946	9.817
4440424.3	0.821	0.842	0.75	0.761	0.752	0.735	0.719
4440425.3	7.711	8.781	8.429	8.537	8.513	8.589	8.446
4440426.3	2.63	2.696	2.428	2.495	2.405	2.525	2.435
4440427.3	0.224	0.134	0.105	0.101	0.098	0.098	0.106
4440428.3	1.453	1.744	1.672	1.724	1.721	1.807	1.815
4440429.3	3.478	3.301	2.769	2.882	2.824	2.925	2.833
4440430.3	4.907	5.985	5.561	5.749	5.695	5.742	5.608
4440431.3	0.591	0.424	0.452	0.489	0.516	0.492	0.461
4440432.3	0.686	0.471	0.349	0.321	0.318	0.303	0.301
4440433.3	4.243	4.349	3.79	3.965	3.898	4.018	3.914
4440434.3	3.187	3.261	2.986	3.107	3.048	3.08	3.043
4440435.3	4.48	4.696	4.187	4.235	4.151	4.205	4.12
4440436.3	1.002	0.939	0.999	1.117	1.132	1.158	1.153
4440437.3	8.476	9.701	8.977	9.403	9.393	9.441	9.321
4440438.3	6.445	7.6	6.993	7.237	7.215	7.265	7.122
4440439.3	0.8	0.674	0.465	0.435	0.427	0.452	0.497
4440440.3	8.982	10.461	9.742	9.942	9.899	9.946	9.817
4440960.3	8.1	8.671	8.1	8.406	8.367	8.452	8.349
4440961.3	8.101	9.325	8.593	8.744	8.748	8.819	8.698
4440963.3	9.375	11.555	10.409	10.748	10.755	10.904	10.803
4440964.3	9.271	10.997	9.669	9.884	9.86	10.033	9.983
4440965.3	9.583	11.228	10.203	10.393	10.383	10.461	10.337
4440966.3	9.813	11.835	10.751	10.896	10.896	10.954	10.838
4440967.3	9.387	11.255	9.888	10.128	10.173	10.31	10.228
4440968.3	10.6	13.114	11.583	11.697	11.695	11.836	11.742
4440969.3	9.516	11.226	10.115	10.279	10.3	10.362	10.245
4440970.3	10.086	12.662	11.31	11.532	11.549	11.699	11.611
4440971.3	8.957	11.073	9.713	9.855	9.932	10.009	10.011
4440972.3	8.219	9.916	8.925	9.121	9.193	9.172	9.144
4440973.3	6.552	6.673	5.988	6.089	6.054	6.182	6.093
4440984.3	13.028	15.997	14.84	15.165	15.2	15.344	15.239
4441020.3	12.912	15.767	14.544	14.808	14.8	14.935	14.84
4441021.3	13.158	16.207	15.035	15.309	15.357	15.486	15.391
4441022.3	13.39	16.394	15.13	15.396	15.384	15.528	15.426
4441025.3	7.14	7.383	6.638	6.768	6.748	6.817	6.688
4441041.3	6.066	7.746	6.761	6.714	6.67	6.679	6.572
4441050.3	4.582	5.438	4.92	4.908	4.909	4.835	4.827
4441051.3	4.623	5.62	4.803	4.759	4.732	4.772	4.678
4441055.3	6.536	6.574	5.91	6.035	5.997	5.986	5.958
4441056.3	9.586	11.891	11.012	11.188	11.18	11.195	11.072
4441057.3	9.309	10.733	9.558	9.702	9.677	9.694	9.576
4441057.4	7.761	9.423	8.223	8.257	8.184	8.252	8.168
4441062.3	10.12	11.864	11.335	11.6	11.557	11.65	11.503
4441091.3	6.424	7.602	6.876	6.878	6.818	6.926	6.824
4441092.3	11.385	14.541	13.263	13.437	13.484	13.643	13.541
4441093.3	9.983	12.35	11.068	11.221	11.276	11.439	11.344
4441095.3	6.132	7.383	6.193	6.12	6.072	6.138	6.044
4441096.3	5.592	6.166	5.519	5.606	5.571	5.581	5.482
4441102.3	12.531	15.594	14.437	14.765	14.791	14.956	14.844
4441121.3	2.643	2.218	1.843	1.875	1.891	1.891	1.856
4441124.3	1.364	1.653	1.497	1.509	1.499	1.49	1.455
4441125.3	3.415	4.649	4.25	4.357	4.401	4.313	4.246
4441126.3	1.234	1.647	1.518	1.509	1.464	1.435	1.424
4441127.3	2.938	2.591	2.03	1.899	1.89	1.882	1.901
4441128.3	3.763	3.558	3.023	2.994	2.986	3.007	3.047
4441129.3	2.497	2.528	1.981	1.927	1.93	1.891	1.91
4441130.3	2.848	2.765	2.251	2.095	2.053	2.068	1.998
4441131.3	0.695	0.589	0.513	0.579	0.588	0.564	0.556
4441132.3	0.73	0.661	0.46	0.497	0.444	0.498	0.51
4441133.3	10.848	12.712	11.79	11.984	11.939	11.973	11.845
4441134.3	8.165	9.569	8.668	8.71	8.648	8.712	8.575
4441135.3	10.792	12.977	11.998	12.077	11.998	12.062	11.942
4441136.3	3.509	3.492	3.166	3.243	3.212	3.193	3.169
4441137.3	8.573	11.001	9.955	10.185	10.165	10.185	10.064
4441138.3	10.93	13.766	12.308	12.538	12.511	12.61	12.525
4441139.3	10.271	12.805	11.89	12.004	11.973	11.986	11.861
4441139.4	8.485	10.01	9.206	9.287	9.241	9.269	9.136
4441143.3	12.355	15.348	14.108	14.384	14.349	14.457	14.358
4441144.3	11.853	14.762	13.451	13.771	13.724	13.847	13.738
4441145.3	10.545	13.139	12.141	12.304	12.254	12.297	12.155
4441146.3	11.649	14.682	13.394	13.564	13.529	13.639	13.54
4441147.3	9.893	11.997	10.962	11.065	11.039	11.043	10.928
4441148.3	10.179	11.993	10.89	10.979	10.947	10.969	10.855
4441149.3	12.352	15.251	13.942	14.265	14.216	14.339	14.23
4441150.3	10.935	13.979	12.702	12.919	12.869	12.994	12.885
4441151.3	10.137	12.827	11.993	12.206	12.157	12.202	12.057
4441152.3	9.863	12.133	11.189	11.298	11.253	11.286	11.158
4441153.3	10.897	13.535	12.654	12.829	12.835	12.863	12.728
4441155.3	10.767	13.564	12.294	12.415	12.38	12.495	12.403
4441156.3	10.724	13.524	12.194	12.361	12.311	12.441	12.339
4441167.3	11.194	13.198	12.2	12.409	12.384	12.386	12.271
4441205.3	8.443	10.433	9.495	9.628	9.586	9.623	9.495
4441214.3	9.713	12.369	10.985	11.13	11.106	11.307	11.221
4441215.3	10.616	13.185	11.784	11.996	11.983	12.159	12.097
4441347.3	8.02	10.661	9.364	9.452	9.378	9.498	9.434
4441363.3	12.225	15.021	13.622	13.837	13.833	13.974	13.886
4441568.3	10.137	12.827	11.993	12.206	12.157	12.202	12.057
4441570.3	12.529	15.49	14.168	14.443	14.409	14.517	14.418
4441571.3	3.168	2.694	1.957	2.068	2.126	2.122	2.108
4441572.3	1.35	1.888	1.572	1.632	1.625	1.558	1.508
4441573.3	12.527	15.636	14.39	14.679	14.698	14.806	14.707
4441574.3	13.361	16.427	15.186	15.466	15.507	15.657	15.555
4441575.3	2.608	2.513	2.166	2.343	2.373	2.301	2.23
4441576.3	1.941	1.944	1.406	1.528	1.534	1.554	1.55
4441577.3	2.06	1.568	1.228	1.201	1.21	1.217	1.247
4441578.3	3.46	3.474	2.632	2.655	2.726	2.752	2.737
4441579.3	4.37	3.61	3.225	3.118	3.13	3.119	3.128
4441580.3	1.25	1.328	0.975	1.022	1.038	1.021	0.981
4441581.3	1.416	1.29	1.116	1.113	1.076	1.095	1.11
4441582.3	11.704	14.384	13.585	13.823	13.842	13.853	13.728
4441583.3	3.086	3.276	2.817	2.792	2.681	2.783	2.714
4441584.3	1.693	2.137	1.834	1.91	1.843	1.905	1.878
4441585.3	12.495	15.475	14.182	14.504	14.454	14.577	14.468
4441586.3	1.476	1.614	1.376	1.356	1.367	1.316	1.335
4441587.3	2.666	2.947	2.601	2.631	2.538	2.594	2.561
4441588.3	0.38	0.326	0.287	0.269	0.261	0.262	0.266
4441589.3	11.837	14.394	13.431	13.699	13.65	13.691	13.549
4441590.3	11.661	14.703	13.449	13.729	13.778	13.935	13.833
4441591.3	12.041	14.762	13.853	14.09	14.108	14.134	14.002
4441592.3	1.448	1.517	1.354	1.286	1.224	1.257	1.25
4441593.3	9.255	11.397	10.36	10.501	10.459	10.497	10.362
4441594.3	11.096	13.732	12.792	12.911	12.874	12.902	12.77
4441595.3	11.221	13.867	12.856	12.974	12.937	12.965	12.833
4441596.3	11.626	14.607	13.261	13.475	13.427	13.552	13.443
4441596.4	11.869	14.474	13.571	13.795	13.759	13.785	13.653
4441597.3	13.215	16.13	14.826	15.136	15.111	15.276	15.164
4441598.3	13.401	16.488	15.236	15.515	15.557	15.707	15.605
4441599.3	13.41	16.493	15.241	15.52	15.562	15.712	15.61
4441600.3	11.626	14.607	13.261	13.475	13.427	13.552	13.443
4441601.3	11.228	14.23	12.871	13.041	13.006	13.116	13.017
4441602.3	10.973	14.013	12.736	12.95	12.902	13.027	12.918
4441603.3	12.576	15.702	14.443	14.731	14.751	14.859	14.76
4441604.3	11.228	14.23	12.871	13.041	13.006	13.116	13.017
4441605.3	10.767	13.623	12.353	12.473	12.438	12.553	12.461
4441606.3	10.271	12.805	11.888	12.002	11.971	11.984	11.859
4441607.3	10.339	12.749	11.756	11.825	11.788	11.821	11.696
4441608.3	8.165	9.569	8.668	8.71	8.648	8.712	8.575
4441609.3	11.073	13.657	12.659	12.822	12.772	12.815	12.673
4441610.3	12.404	15.414	14.163	14.438	14.404	14.512	14.413
4441611.3	12.529	15.49	14.166	14.441	14.407	14.515	14.416
4441613.3	12.495	15.475	14.182	14.504	14.454	14.577	14.468
4441614.3	10.883	13.635	12.294	12.415	12.38	12.495	12.403
4441615.3	11.508	14.226	12.933	13.203	13.156	13.284	13.182
4441616.3	11.517	14.172	12.881	13.152	13.105	13.233	13.131
4441617.3	12.518	15.55	14.313	14.591	14.554	14.662	14.563
4441618.3	11.976	14.54	13.564	13.788	13.752	13.778	13.646
4441619.3	10.774	13.897	12.459	12.59	12.636	12.801	12.706
4441620.3	13.267	16.117	14.811	15.082	15.067	15.217	15.115
4441621.3	7.423	8.304	8.064	8.386	8.319	8.377	8.252
4441622.3	7.423	8.304	8.064	8.386	8.319	8.377	8.252
4441623.3	3.932	4.18	3.985	4.07	4.021	4.029	3.898
4441624.3	3.188	3.03	2.861	2.878	2.843	2.867	2.886
4441625.3	4.656	4.518	3.728	3.734	3.764	3.757	3.729
4441625.4	4.656	4.518	3.728	3.734	3.764	3.757	3.729
4441626.3	4.656	4.518	3.728	3.734	3.764	3.757	3.729
4441627.3	4.656	4.518	3.728	3.734	3.764	3.757	3.729
4441628.3	4.656	4.518	3.728	3.734	3.764	3.757	3.729
4441629.3	4.656	4.518	3.728	3.734	3.764	3.757	3.729
4441656.4	9.106	11.578	10.603	10.721	10.694	10.714	10.589
4441658.3	11.647	14.372	13.066	13.292	13.258	13.371	13.279
4441659.3	1.673	1.747	1.472	1.517	1.537	1.464	1.409
4441660.3	2.339	2.862	2.703	2.66	2.609	2.55	2.552
4441661.3	11.073	13.657	12.659	12.822	12.772	12.815	12.673
4441662.3	11.712	14.594	13.355	13.594	13.614	13.727	13.635
4441663.3	12.531	15.594	14.437	14.765	14.791	14.956	14.844
4442145.3	0.729	0.828	0.805	0.751	0.681	0.728	0.723
4442219.3	1.145	0.987	0.827	0.859	0.843	0.852	0.844
4442450.3	0.331	0.196	0.116	0.105	0.1	0.103	0.105
4442451.3	4.582	5.438	4.92	4.908	4.909	4.835	4.827
4442464.3	7.14	7.383	6.638	6.768	6.748	6.817	6.688
4442466.3	9.44	12.014	11.097	11.152	11.095	11.148	11.038
4442467.3	8.616	10.647	9.276	9.37	9.297	9.44	9.392
4442498.3	5.999	6.051	5.387	5.512	5.474	5.463	5.435
4442499.3	6.084	7.843	6.786	6.754	6.713	6.744	6.666
4442499.4	9.309	10.733	9.558	9.702	9.677	9.694	9.576
4442500.3	7.761	9.423	8.223	8.257	8.184	8.252	8.168
4442500.4	10.12	11.864	11.335	11.6	11.557	11.65	11.503
4442503.3	9.586	11.891	11.012	11.188	11.18	11.195	11.072
4442582.3	4.623	5.62	4.803	4.759	4.732	4.772	4.678
4442583.3	5.592	6.166	5.519	5.606	5.571	5.581	5.482
4442626.3	13.215	16.13	14.826	15.136	15.111	15.276	15.164
4442708.3	9.912	12.199	11.242	11.35	11.306	11.339	11.211
4442709.3	10.897	13.535	12.654	12.829	12.835	12.863	12.728
4443316.3	3.569	3.833	3.521	3.628	3.547	3.58	3.467
4443317.3	3.115	4.411	4.335	4.411	4.417	4.462	4.404
4443679.3	7.9	8.855	7.803	7.925	7.991	8.001	7.95
4443680.3	4.785	5.425	4.32	4.43	4.44	4.539	4.457
4443681.3	10.964	13.984	12.574	12.77	12.716	12.927	12.838
4443682.3	11.898	14.386	13.423	13.652	13.613	13.639	13.507
4443683.3	10.499	12.964	11.445	11.673	11.675	11.832	11.733
4443684.3	12.837	15.37	14.095	14.353	14.387	14.539	14.444
4443685.3	2.597	2.888	2.466	2.409	2.379	2.304	2.313
4443686.3	11.142	13.229	11.924	12.168	12.128	12.229	12.141
4443687.3	9.834	12.045	11.101	11.214	11.167	11.2	11.072
4443695.3	8.934	10.713	9.479	9.594	9.54	9.669	9.558
4443697.3	9.27	11.312	10.328	10.383	10.354	10.378	10.263
4443698.3	2.261	2.818	2.475	2.515	2.462	2.437	2.372
4443699.3	11.213	13.688	12.386	12.569	12.531	12.629	12.534
4443700.3	8.331	9.27	8.554	8.629	8.64	8.63	8.587
4443701.3	10.43	12.714	11.432	11.522	11.496	11.584	11.506
4443702.3	10.924	12.781	11.801	11.995	11.949	11.983	11.855
4443703.3	9.632	11.212	10.248	10.343	10.284	10.326	10.22
4443704.3	9.902	11.565	10.641	10.776	10.752	10.787	10.658
4443705.3	11.869	14.035	13.082	13.28	13.248	13.262	13.137
4443706.3	8.096	9.777	8.97	9.184	9.209	9.149	9.1
4443707.3	9.083	10.296	9.212	9.297	9.257	9.301	9.198
4443708.3	0.297	0.465	0.408	0.384	0.376	0.377	0.38
4443709.3	2.497	1.989	1.737	1.754	1.783	1.749	1.745
4443711.3	7.023	8.374	8.031	8.34	8.288	8.336	8.18
4443712.3	10.775	12.678	11.734	11.918	11.894	11.924	11.788
4443713.3	10.348	12.695	11.7	11.77	11.733	11.766	11.641
4443714.3	9.556	11.955	11.046	11.16	11.11	11.158	11.023
4443715.3	9.744	12.092	11.22	11.396	11.366	11.404	11.279
4443716.3	10.848	13.151	12.279	12.499	12.45	12.496	12.361
4443717.3	10.996	13.302	12.415	12.591	12.555	12.586	12.461
4443718.3	7.076	7.917	7.632	7.68	7.643	7.621	7.558
4443719.3	3.643	4.072	3.784	3.846	3.88	3.827	3.815
4443720.3	6.011	6.32	5.536	5.597	5.551	5.664	5.555
4443721.3	0.909	1.063	0.993	1.034	1.008	1.031	1.028
4443722.3	5.733	5.855	5.051	5.138	5.068	5.189	5.093
4443723.3	3.73	3.854	3.553	3.496	3.458	3.502	3.479
4443724.3	2.707	2.86	2.815	3.018	2.927	3.016	2.975
4443725.3	9.754	11.944	10.965	11.102	11.063	11.101	10.966
4443726.3	5.578	5.946	5.391	5.454	5.363	5.432	5.333
4443729.3	9.227	11.103	9.989	10.017	9.97	10.009	9.885
4443731.3	8.261	8.981	8.297	8.4	8.358	8.387	8.284
4443732.3	8.698	10.872	10.003	10.25	10.216	10.282	10.144
4443745.3	0.741	0.559	0.339	0.31	0.317	0.318	0.324
4443746.3	5.763	7.046	5.967	5.979	5.949	5.999	5.928
4443747.3	2.341	2.327	1.721	1.738	1.703	1.768	1.717
4443749.3	6.51	8.147	6.652	6.777	6.779	6.878	6.825
4443750.3	5.056	5.677	4.943	4.95	4.91	4.94	4.82
4443753.3	1.505	1.634	1.609	1.515	1.468	1.445	1.427
4443754.3	1.132	1.118	0.901	0.951	0.93	0.916	0.907
4443755.3	1.081	0.846	0.78	0.804	0.824	0.822	0.832
4443756.3	2.911	2.842	2.582	2.665	2.642	2.644	2.638
4443762.3	4.32	4.775	3.79	3.868	3.862	3.876	3.758
4443765.3	7.023	8.374	8.031	8.34	8.288	8.336	8.18
4443766.3	10.567	12.568	11.264	11.576	11.556	11.673	11.585
4443776.3	0.652	0.467	0.468	0.489	0.475	0.491	0.476
4443777.3	0.704	0.483	0.429	0.434	0.402	0.43	0.429
4445106.3	5.036	5.724	4.994	5.162	5.101	5.12	5.041
4445130.3	10.95	13.228	11.738	11.978	11.971	12.122	12.031
4445755.3	0.316	0.691	0.698	0.704	0.707	0.709	0.704
4445756.3	1.638	1.957	1.79	1.746	1.746	1.68	1.664
4445990.3	11.961	15.025	13.779	14.072	14.089	14.197	14.098
4445993.3	10.187	12.689	11.726	11.952	11.922	11.955	11.823
4445994.3	10.836	13.478	12.169	12.432	12.463	12.566	12.474
4445996.3	10.47	13.418	12.197	12.485	12.515	12.615	12.523
4446153.3	13.428	16.465	15.24	15.527	15.563	15.713	15.611
4446341.3	11.55	14.371	13.178	13.49	13.477	13.634	13.529
4446342.3	12.936	15.911	14.579	14.808	14.847	15	14.902
4446406.3	10.093	12.039	11.078	11.166	11.12	11.156	11.028
4446411.3	5.76	6.685	5.974	6.085	6.083	6.057	6.001
4446412.3	6.741	7.958	6.921	6.817	6.747	6.815	6.757
4447810.3	10.657	13.266	12.361	12.585	12.556	12.589	12.457
4447811.3	10.017	12.619	11.351	11.616	11.582	11.702	11.607
4447951.3	9.316	11.641	10.756	11.006	11.015	11.019	10.895
4448052.3	11.832	14.786	13.57	13.848	13.9	14.042	13.947
4448226.3	3.001	2.929	2.626	2.712	2.647	2.646	2.531
4449103.3	13.323	16.393	15.152	15.435	15.474	15.624	15.522
4449104.3	10.744	13.489	12.161	12.326	12.278	12.408	12.306
4449206.3	9.492	11.546	10.608	10.655	10.596	10.703	10.611
4449249.3	9.926	12.034	11.111	11.322	11.354	11.36	11.242
4449252.3	8.572	11.038	9.962	10.095	10.142	10.182	10.056
4449255.3	10.567	13.348	12.137	12.477	12.523	12.637	12.537
4449256.3	9.707	11.248	10.26	10.327	10.292	10.295	10.184
4449258.3	10.511	12.692	11.366	11.667	11.663	11.765	11.672
4449284.3	12.154	14.488	13.152	13.401	13.374	13.455	13.37
4449356.3	8.799	10.594	9.675	9.814	9.813	9.82	9.701
4449357.3	8.438	10.178	9.077	9.145	9.152	9.195	9.071
4449358.3	9.827	12.025	10.982	11.137	11.163	11.187	11.066
4449359.3	9.787	12.353	11.365	11.594	11.561	11.595	11.467
4449360.3	10.023	12.403	11.54	11.829	11.873	11.905	11.772
4449362.3	10.414	12.665	11.611	11.881	11.832	11.947	11.839
4449363.3	9.607	11.619	10.696	10.97	11.022	11.045	10.922
4449364.3	9.754	12.185	11.318	11.542	11.516	11.534	11.409
4449365.3	8.091	9.295	8.163	8.215	8.21	8.222	8.114
4449877.3	10.158	12.66	11.697	11.926	11.894	11.927	11.795
4449956.3	13.506	16.619	15.381	15.663	15.702	15.852	15.75
4450123.3	11.861	14.815	13.599	13.874	13.928	14.07	13.975
4450124.3	10.891	12.641	11.666	11.857	11.853	11.925	11.797
4450125.3	12.149	15.219	13.978	14.258	14.306	14.463	14.361
4450126.3	12.619	15.585	14.359	14.649	14.698	14.836	14.744
4450127.3	12.619	15.644	14.418	14.707	14.756	14.894	14.802
4450249.3	7.485	8.796	7.36	7.644	7.675	7.762	7.699
4450250.3	5.196	6.715	5.386	5.389	5.369	5.491	5.455
4450328.3	12.198	15.285	14.033	14.312	14.361	14.518	14.416
4450750.3	10.015	12.479	10.942	11.146	11.124	11.233	11.148
4450752.3	10.228	12.666	11.229	11.427	11.463	11.554	11.473
4451033.3	13.08	16.112	14.951	15.229	15.274	15.403	15.308
4451034.3	13.2	16.171	14.923	15.192	15.178	15.328	15.226
4451035.3	13.372	16.459	15.205	15.487	15.527	15.677	15.575
4451036.3	12.919	15.918	14.773	15.051	15.096	15.231	15.136
4451103.3	10.836	13.917	12.658	12.947	12.974	13.089	12.99
4451104.3	10.836	13.917	12.658	12.947	12.974	13.089	12.99
4451105.3	10.836	13.917	12.658	12.947	12.974	13.089	12.99
4451106.3	10.836	13.917	12.658	12.947	12.974	13.089	12.99
4451759.3	10.891	13.194	11.682	11.884	11.875	12.04	11.952
4451761.3	10.086	12.662	11.31	11.532	11.549	11.699	11.611
4453064.3	11.024	13.911	12.533	12.756	12.808	12.953	12.862
4453083.3	12.292	15.085	13.628	13.843	13.838	13.979	13.891
4453246.3	13.428	16.524	15.299	15.585	15.621	15.771	15.669
4453247.3	12.681	15.774	14.531	14.823	14.84	14.948	14.849
4453254.3	13.372	16.4	15.146	15.429	15.469	15.619	15.517
4453256.3	12.254	15.291	14.066	14.35	14.395	14.552	14.45
4453257.3	11.478	14.63	13.387	13.678	13.702	13.817	13.718
4453261.3	12.149	15.16	13.919	14.2	14.248	14.405	14.303
4453274.3	11.036	13.97	12.749	13.034	13.066	13.166	13.074
4453297.3	11.667	13.857	12.379	12.614	12.591	12.749	12.658
4453374.3	10.818	12.803	11.899	12.141	12.099	12.113	11.985
4453375.3	10.07	12.506	11.609	11.772	11.737	11.782	11.64
4453376.3	10.964	13.569	12.244	12.432	12.388	12.501	12.399
4453379.3	5.278	6.051	5.161	5.2	5.157	5.218	5.085
4453380.3	9.88	12.045	10.753	10.848	10.832	10.937	10.852
4453381.3	8.516	10.637	9.776	9.895	9.863	9.892	9.775
4453382.3	6.021	7.019	6.318	6.174	6.042	6.119	6.065
4453406.3	13.372	16.4	15.146	15.429	15.469	15.619	15.517
4453407.3	11.4	14.476	13.246	13.542	13.563	13.678	13.579
4453433.3	12.12	15.131	13.89	14.174	14.22	14.377	14.275
4453434.3	12.603	15.679	14.449	14.745	14.759	14.867	14.768
4453435.3	11.324	14.374	13.128	13.418	13.444	13.559	13.46
4453436.3	12.498	15.548	14.302	14.595	14.612	14.72	14.621
4454153.3	13.401	16.488	15.236	15.515	15.557	15.707	15.605
4454501.3	7.783	9.259	8.315	8.421	8.381	8.428	8.325
4454502.3	8.509	9.941	8.576	8.67	8.679	8.776	8.697
4454503.3	4.344	5.213	4.364	4.334	4.318	4.317	4.267
4454504.3	6.976	8.588	7.702	7.786	7.705	7.789	7.695
4454505.3	4.874	6.209	5.524	5.565	5.464	5.531	5.457
4454506.3	8.607	10.384	9.539	9.453	9.37	9.436	9.395
4454686.3	4.943	5.569	4.405	4.38	4.341	4.412	4.339
4454687.3	3.634	3.727	3.088	3.09	3.02	3.039	2.924
4454688.3	2.323	2.33	1.855	1.838	1.869	1.868	1.873
4454689.3	3.49	3.412	2.67	2.61	2.513	2.657	2.594
4454691.3	3.14	2.84	2.152	2.084	2.044	2.109	2.049
4454692.3	0.552	0.45	0.326	0.326	0.317	0.336	0.337
4454693.3	5.154	5.318	4.497	4.517	4.58	4.553	4.549
4454694.3	0.539	0.757	0.689	0.742	0.74	0.695	0.691
4454695.3	3.668	4.095	3.347	3.212	3.218	3.206	3.206
4454696.3	1.281	1.284	1.171	1.096	1.088	1.088	1.08
4454697.3	0.107	0.077	0.098	0.085	0.084	0.095	0.082
4454698.3	0.822	1.095	0.975	0.913	0.89	0.898	0.892
4454699.3	8.645	10.393	9.135	9.274	9.213	9.353	9.281
4454700.3	4.145	4.933	4.132	4.281	4.237	4.251	4.14
4454701.3	4.666	4.945	4.214	4.246	4.265	4.276	4.241
4454702.3	0.84	0.679	0.575	0.633	0.61	0.607	0.615
4454703.3	4.184	4.693	3.973	3.954	3.878	3.958	3.88
4454704.3	1.039	1.227	0.998	1.057	1.017	1.036	0.93
4459940.3	6.714	7.474	6.861	7.059	7.019	7.154	7.042
4459941.3	7.539	8.801	8.152	8.27	8.23	8.36	8.255
4460178.3	12.611	15.272	14.452	14.725	14.752	14.835	14.69
4460179.3	11.448	14.313	13.158	13.442	13.449	13.577	13.475
4460180.3	12.003	14.728	13.817	14.057	14.073	14.099	13.967
4460182.3	12.576	15.702	14.445	14.733	14.753	14.861	14.762
4460188.3	12.413	14.98	13.679	13.928	13.898	13.994	13.902
4460189.3	13.345	16.271	14.954	15.22	15.208	15.358	15.256
4460190.3	10.68	13.023	11.836	12.094	12.151	12.312	12.217
4460441.3	10.034	11.786	10.914	11.175	11.237	11.242	11.124
4461011.3	13.477	16.59	15.352	15.637	15.674	15.824	15.722
4461013.3	12.254	15.35	14.125	14.408	14.453	14.61	14.508
4461444.3	6.665	8.162	7.374	7.475	7.446	7.478	7.364
4461451.3	5.87	6.167	5.521	5.545	5.515	5.505	5.414
4461452.3	6.231	6.749	5.847	5.956	5.931	5.986	5.899
4461453.3	7.036	8	6.646	6.847	6.844	6.965	6.919
4461454.3	6.08	6.922	5.643	5.628	5.576	5.67	5.608
4461455.3	7.028	8.945	7.945	7.98	7.962	8.004	7.901
4461456.3	7.704	8.613	7.516	7.587	7.516	7.568	7.503
4461840.3	13.506	16.619	15.381	15.663	15.702	15.852	15.75
4464065.3	7.481	9.611	8.978	9.007	8.971	9	8.895
4464073.3	6.84	8.165	7.437	7.471	7.4	7.431	7.303
4464108.3	4.583	4.665	4.194	4.254	4.217	4.192	4.082
4464109.3	7.312	8.42	7.732	7.834	7.797	7.856	7.724
4465556.3	10.751	13.4	12.502	12.744	12.766	12.799	12.667
4465558.3	10.158	12.221	11.208	11.411	11.383	11.404	11.279
4465825.3	4.5	5.143	4.161	4.199	4.252	4.196	4.175
4465946.3	8.05	9.908	8.904	8.999	8.978	9.017	8.892
4467029.3	9.9	12.512	11.172	11.316	11.292	11.397	11.305
4467058.3	10.025	13.027	11.668	11.838	11.81	11.927	11.828
4467059.3	9.609	11.652	10.191	10.332	10.311	10.47	10.401
4467420.3	13.285	16.417	15.234	15.513	15.555	15.705	15.603
4474000.3	1.083	0.582	0.458	0.43	0.443	0.459	0.458
4477749.3	10.758	13.822	12.576	12.869	12.893	13.008	12.909
4477751.3	10.47	13.418	12.197	12.485	12.515	12.615	12.523
4477755.3	11.417	14.08	13.182	13.424	13.439	13.465	13.333
4477757.3	10.214	12.438	11.49	11.706	11.732	11.753	11.628
4477789.3	12.442	15.19	13.909	14.175	14.166	14.301	14.206
4477790.3	10.158	12.66	11.697	11.926	11.894	11.927	11.795
4477803.3	11.3	13.524	12.661	12.924	12.939	13.013	12.877
4477804.3	11.894	15.02	13.832	14.124	14.142	14.25	14.151
4477805.3	12.607	15.16	14.273	14.492	14.475	14.543	14.408
4477807.3	13.229	16.2	14.952	15.218	15.206	15.356	15.254
4477872.3	11.916	14.686	13.846	14.083	14.101	14.127	13.995
4477873.3	11.957	14.199	13.334	13.597	13.605	13.672	13.536
4477874.3	13.316	16.183	14.864	15.134	15.12	15.27	15.168
4477875.3	12.614	15.523	14.288	14.559	14.544	14.694	14.592
4477876.3	9.967	12.186	11.258	11.534	11.524	11.556	11.423
4477877.3	12.561	14.727	13.804	14.068	14.075	14.142	14.006
4477899.3	11.99	15.054	13.808	14.098	14.117	14.225	14.126
4477900.3	11.245	13.792	12.9	13.129	13.09	13.116	12.984
4477901.3	9.754	12.185	11.318	11.542	11.516	11.534	11.409
4477902.3	11.811	14.344	13.452	13.678	13.641	13.667	13.535
4477903.3	11.102	13.488	12.552	12.773	12.742	12.753	12.628
4477904.3	11.811	14.344	13.452	13.678	13.641	13.667	13.535
4478030.3	10.407	12.779	11.841	12.065	12.039	12.057	11.932
4478037.3	10.823	13.642	12.351	12.628	12.63	12.775	12.683
4478038.3	12.21	15.144	13.923	14.211	14.234	14.327	14.235
4478222.3	9.454	11.911	10.963	11.198	11.176	11.197	11.075
4478241.3	10.436	13.219	11.837	12.059	12.061	12.209	12.121
4478242.3	12.176	14.955	13.569	13.785	13.78	13.921	13.833
4478244.3	8.956	10.965	9.768	9.816	9.797	9.811	9.7
4478283.3	10.567	13.348	12.137	12.477	12.523	12.637	12.537
4478290.3	9.423	12.011	11.011	11.131	11.1	11.135	11.003
4478291.3	11.39	13.453	12.44	12.64	12.607	12.621	12.496
4478292.3	9.87	12.256	11.318	11.542	11.516	11.534	11.409
4478294.3	10.47	13.418	12.197	12.485	12.515	12.615	12.523
4478350.3	12.292	15.075	13.622	13.843	13.838	13.979	13.891
4478934.3	6.6	7.648	6.566	6.68	6.68	6.712	6.597
4478936.3	11.673	14.182	12.911	13.173	13.2	13.281	13.196
4478937.3	9.926	12.473	11.6	11.837	11.865	11.883	11.758
4478938.3	9.271	11.58	10.647	10.876	10.859	10.894	10.762
4478939.3	12.786	15.811	14.57	14.854	14.893	15.043	14.941
4478940.3	11.295	14.263	13.047	13.325	13.377	13.519	13.424
4478941.3	11.961	15.025	13.779	14.072	14.089	14.197	14.098
4478943.3	12.154	14.927	13.641	13.916	13.885	13.978	13.886
4479311.3	11.295	14.345	13.099	13.392	13.416	13.531	13.432
4479361.3	12.225	15.321	14.096	14.382	14.425	14.582	14.48
4479944.3	12.169	15.104	13.814	14.087	14.076	14.233	14.131
4480719.3	11.726	14.616	13.206	13.42	13.413	13.573	13.475
4480764.3	12.343	15.181	13.78	13.99	13.975	14.128	14.03
4480776.3	11.709	14.554	13.335	13.605	13.604	13.746	13.651
4480815.3	12.929	15.76	14.35	14.565	14.551	14.704	14.606
4480859.3	12.225	15.011	13.616	13.837	13.833	13.974	13.886
4480861.3	12.443	14.747	13.299	13.483	13.464	13.619	13.528
4480863.3	12.88	15.704	14.303	14.513	14.498	14.651	14.553
4480864.3	12.929	15.829	14.415	14.623	14.609	14.762	14.664
4480865.3	11.718	14.485	12.944	13.148	13.159	13.291	13.202
4480867.3	12.225	15.011	13.616	13.837	13.833	13.974	13.886
4485218.3	13.401	16.488	15.234	15.513	15.555	15.705	15.603
4485219.3	13.533	16.653	15.383	15.665	15.705	15.849	15.747
4485981.3	13.401	16.488	15.234	15.513	15.555	15.705	15.603
4485982.3	13.533	16.653	15.383	15.665	15.705	15.849	15.747
4489328.3	9.245	12.201	10.786	10.948	10.914	11.037	10.942
4489630.3	0.998	1.232	1.21	1.259	1.26	1.254	1.246
4489632.3	0	0	0	0	0	0	0
4489633.3	0.001	0	0	0	0	0	0
4489635.3	0.298	0.313	0.308	0.307	0.303	0.302	0.298
4489636.3	0.126	0.143	0.141	0.142	0.143	0.142	0.141
4489637.3	0.001	0	0	0	0	0	0
4489638.3	0.98	1.203	1.181	1.229	1.229	1.227	1.219
4489643.3	0.523	0.444	0.398	0.396	0.392	0.39	0.385
4489645.3	1.712	2.059	1.879	1.993	1.922	2.002	1.896
4489648.3	3.319	3.89	3.548	3.682	3.693	3.734	3.578
4489649.3	1.513	1.943	1.73	1.668	1.598	1.704	1.674
4489654.3	1.914	2.455	2.242	2.209	2.116	2.271	2.204
4489655.3	5.096	5.625	5.177	5.306	5.195	5.346	5.241
4489656.3	1.804	2.335	1.888	1.956	1.939	2	2.027
4489661.3	4.012	3.951	3.825	4.078	4.086	4.158	4.134
4489663.3	3.118	2.852	2.591	2.81	2.841	2.83	2.807
4489665.3	3.594	3.74	3.487	3.581	3.51	3.606	3.549
4489667.3	2.721	2.549	2.222	2.45	2.483	2.465	2.46
4491734.3	12.303	15.416	14.178	14.46	14.506	14.663	14.561
4493725.3	13.484	16.587	15.33	15.613	15.652	15.796	15.694
4493726.3	12.94	15.642	14.733	14.965	15.002	15.064	14.929
4493727.3	11.604	13.907	12.416	12.595	12.6	12.734	12.652
4494598.3	5.112	5.793	5.026	5.227	5.266	5.232	5.198
4494599.3	10.73	12.794	11.84	11.932	11.902	11.903	11.785
4494600.3	8.304	10.923	9.448	9.49	9.48	9.581	9.499
4494601.3	12.015	14.77	13.84	13.966	14.002	14.072	13.937
4494602.3	2.038	2.788	2.517	2.508	2.48	2.469	2.494
4494603.3	9.85	11.958	10.924	11.001	11.019	11.063	10.944
4494604.3	11.424	13.506	12.417	12.563	12.59	12.592	12.478
4494605.3	9.789	11.85	10.848	11.04	11.037	11.037	10.921
4494606.3	9.885	11.67	10.687	10.884	10.938	10.946	10.831
4494607.3	9.747	11.993	11.124	11.24	11.195	11.228	11.1
4494608.3	9.812	11.802	10.699	10.777	10.736	10.755	10.631
4494609.3	11.562	14.582	13.305	13.479	13.441	13.551	13.452
4494621.3	13.446	16.611	15.412	15.691	15.733	15.877	15.775
4494623.3	13.446	16.611	15.412	15.691	15.733	15.877	15.775
4494854.3	13.446	16.611	15.412	15.691	15.733	15.877	15.775
4494855.3	13.667	16.813	15.559	15.841	15.88	16.024	15.922
4494863.3	13.611	16.596	15.279	15.548	15.533	15.677	15.575
4494888.3	13.562	16.682	15.412	15.691	15.733	15.877	15.775
4497349.3	8.924	10.97	9.597	9.838	9.837	10.004	9.913
4497979.3	3.368	3.682	3.191	3.224	3.246	3.286	3.282
4497980.3	1.293	1.486	1.314	1.308	1.312	1.341	1.353
4497981.3	5.98	6.776	5.784	5.923	5.995	6.078	6.087
4497982.3	4.291	5.909	5.006	5.072	4.958	5.2	5.173
4497983.3	0.001	0	0	0	0	0	0
4497984.3	0.057	0	0	0	0	0	0
4497985.3	0.331	0.183	0.153	0.149	0.148	0.151	0.151
4497986.3	0.076	0.028	0.019	0.007	0.018	0.008	0.003
4498769.3	4.363	4.622	4.215	4.175	4.085	4.187	4.135
4498770.3	2.862	3.289	2.912	2.947	2.942	2.971	2.962
4498771.3	1.025	1.26	1.121	1.129	1.12	1.156	1.174
4498772.3	5.625	6.519	5.599	5.707	5.754	5.869	5.877
4498773.3	4.289	5.832	4.963	5.007	4.9	5.15	5.122
4498774.3	0.001	0	0	0	0	0	0
4498775.3	0.057	0	0	0	0	0	0
4498776.3	0.331	0.183	0.153	0.149	0.148	0.151	0.151
4498777.3	0.076	0.028	0.019	0.007	0.018	0.008	0.003
4498778.3	4.967	5.057	3.93	4.098	4.032	4.278	4.268
4500753.3	5.092	5.985	5.425	5.562	5.517	5.55	5.465
4500754.3	4.972	5.349	4.937	5.144	5.07	5.13	5.021
4500755.3	3.286	3.849	3.52	3.558	3.456	3.576	3.464
4501098.3	4.154	4.697	4.07	4.275	4.251	4.282	4.222
4501099.3	1.924	1.907	1.717	1.742	1.716	1.701	1.71
4502539.3	13.401	16.488	15.234	15.513	15.555	15.705	15.603
4502540.3	13.41	16.493	15.239	15.518	15.56	15.71	15.608
4502541.3	13.506	16.619	15.381	15.663	15.702	15.852	15.75
4502542.3	13.506	16.619	15.381	15.663	15.702	15.852	15.75
4502543.3	13.506	16.619	15.381	15.663	15.702	15.852	15.75
4502923.3	13.506	16.619	15.383	15.665	15.704	15.854	15.752
4502924.3	13.667	16.813	15.561	15.843	15.882	16.026	15.924
4502925.3	13.562	16.682	15.412	15.691	15.733	15.877	15.775
4502926.3	13.506	16.619	15.383	15.665	15.704	15.854	15.752
4502927.3	13.401	16.488	15.236	15.515	15.557	15.707	15.605
4502928.3	13.401	16.488	15.234	15.513	15.555	15.705	15.603
4502929.3	13.506	16.619	15.381	15.663	15.702	15.852	15.75
4502930.3	13.676	16.818	15.566	15.848	15.887	16.031	15.929
4502931.3	13.401	16.488	15.234	15.513	15.555	15.705	15.603
4502932.3	13.562	16.682	15.412	15.691	15.733	15.877	15.775
4502933.3	13.506	16.619	15.381	15.663	15.702	15.852	15.75
4502934.3	13.562	16.682	15.412	15.691	15.733	15.877	15.775
4502935.3	13.506	16.619	15.381	15.663	15.702	15.852	15.75
4503511.3	2.074	2.787	2.355	2.388	2.316	2.442	2.351
4503529.3	0.487	0.435	0.441	0.398	0.406	0.405	0.39
4504797.3	13.428	16.524	15.299	15.585	15.621	15.771	15.669
4504798.3	13.589	16.718	15.477	15.763	15.799	15.943	15.841
4508401.3	7.871	9.92	9.41	9.511	9.498	9.536	9.402
4508402.3	7.397	8.885	7.924	7.968	7.951	7.98	7.869
4508403.3	9.262	11.285	10.454	10.67	10.702	10.739	10.614
4508404.3	9.933	12.285	11.026	11.287	11.262	11.367	11.285
4508805.3	7.392	8.982	8.313	8.538	8.512	8.674	8.526
4508831.3	10.217	12.895	11.654	11.806	11.846	12.007	11.912
4510162.3	13.571	16.687	15.419	15.698	15.74	15.884	15.782
4510163.3	13.515	16.624	15.388	15.67	15.709	15.859	15.757
4510164.3	13.41	16.493	15.241	15.52	15.562	15.712	15.61
4510165.3	13.401	16.488	15.234	15.513	15.555	15.705	15.603
4510166.3	13.506	16.619	15.383	15.665	15.704	15.854	15.752
4510167.3	13.41	16.493	15.241	15.52	15.562	15.712	15.61
4510168.3	13.676	16.818	15.566	15.848	15.887	16.031	15.929
4510169.3	13.477	16.59	15.352	15.637	15.674	15.824	15.722
4510170.3	13.667	16.813	15.559	15.841	15.88	16.024	15.922
4510171.3	13.401	16.488	15.234	15.513	15.555	15.705	15.603
4510172.3	13.533	16.653	15.383	15.665	15.705	15.849	15.747
4510173.3	13.401	16.488	15.236	15.515	15.557	15.707	15.605
4510174.3	13.533	16.653	15.383	15.665	15.705	15.849	15.747
4510175.3	13.372	16.459	15.205	15.487	15.527	15.677	15.575
4510335.3	11.776	14.51	13.229	13.495	13.493	13.635	13.54
4510336.3	8.011	10.175	8.747	8.847	8.836	8.948	8.87
4510337.3	9.489	11.745	10.548	10.862	10.804	11.004	10.926
4511045.3	2.675	2.913	2.596	2.641	2.517	2.648	2.56
4511046.3	10.657	13.266	12.361	12.585	12.556	12.589	12.457
4511047.3	10.878	13.468	12.508	12.735	12.703	12.736	12.604
4511048.3	10.762	13.397	12.508	12.735	12.703	12.736	12.604
4511049.3	9.784	12.094	11.207	11.383	11.354	11.392	11.267
4511050.3	11.201	14.211	12.958	13.233	13.206	13.321	13.222
4511060.3	8.9	11.049	10.284	10.614	10.574	10.624	10.498
4511061.3	9.323	11.326	10.434	10.616	10.574	10.618	10.515
4511062.3	10.657	13.266	12.361	12.585	12.556	12.589	12.457
4511063.3	9.167	11.694	10.93	11.158	11.108	11.158	11.018
4511064.3	0.808	0.819	0.681	0.73	0.767	0.751	0.75
4511065.3	10.571	12.923	12.069	12.343	12.333	12.365	12.232
4511111.3	10.657	13.266	12.361	12.585	12.556	12.589	12.457
4511112.3	10.657	13.207	12.302	12.527	12.498	12.531	12.399
4511113.3	10.773	13.337	12.361	12.585	12.556	12.589	12.457
4511114.3	9.9	12.224	11.266	11.441	11.412	11.45	11.325
4511115.3	10.934	13.685	12.79	13.03	13.052	13.085	12.953
4511116.3	8.895	11.179	10.232	10.358	10.315	10.356	10.246
4511134.3	10.657	13.266	12.361	12.585	12.556	12.589	12.457
4511135.3	10.762	13.397	12.508	12.735	12.703	12.736	12.604
4511136.3	10.773	13.337	12.361	12.585	12.556	12.589	12.457
4511137.3	10.657	13.207	12.302	12.527	12.498	12.531	12.399
4511138.3	10.878	13.468	12.508	12.735	12.703	12.736	12.604
4511139.3	9.784	12.153	11.266	11.441	11.412	11.45	11.325
4511140.3	10.657	13.266	12.361	12.585	12.556	12.589	12.457
4511141.3	9.9	12.224	11.266	11.441	11.412	11.45	11.325
4511142.3	6.625	7.735	7.233	7.366	7.301	7.365	7.247
4511143.3	8.296	9.603	9.279	9.518	9.43	9.487	9.363
4511144.3	7.088	9.233	8.452	8.579	8.519	8.562	8.451
4511145.3	9.669	12.273	11.324	11.49	11.46	11.478	11.352
4511146.3	7.694	8.734	7.908	8.04	7.982	8.023	7.909
4511147.3	6.762	7.683	6.829	6.798	6.742	6.802	6.712
4511148.3	10.386	12.388	11.549	11.707	11.653	11.704	11.56
4511149.3	11.482	13.993	13.093	13.309	13.302	13.377	13.242
4511150.3	9.949	12.805	11.928	12.059	12.083	12.118	11.986
4511151.3	8	9.307	8.469	8.475	8.413	8.462	8.354
4511152.3	10.466	12.792	11.922	12.193	12.186	12.218	12.085
4511153.3	10.657	13.266	12.361	12.585	12.556	12.589	12.457
4511178.3	9.618	11.942	10.905	11.022	10.99	11.031	10.91
4511179.3	11.482	14.052	13.152	13.367	13.36	13.435	13.3
4511180.3	9.784	12.153	11.266	11.441	11.412	11.45	11.325
4511181.3	10.657	13.266	12.361	12.585	12.556	12.589	12.457
4511182.3	9.593	11.62	10.768	10.991	10.984	11.021	10.895
4511183.3	10.657	13.266	12.361	12.585	12.556	12.589	12.457
4511184.3	10.713	13.424	12.584	12.822	12.847	12.88	12.748
4511185.3	10.466	12.733	11.863	12.135	12.128	12.16	12.027
4511186.3	10.005	12.355	11.413	11.591	11.559	11.597	11.472
4511187.3	9.784	12.153	11.266	11.441	11.412	11.45	11.325
4511188.3	9.403	12.033	11.25	11.478	11.448	11.463	11.333
4511189.3	10.571	12.923	12.069	12.343	12.333	12.365	12.232
4511190.3	10.773	13.278	12.302	12.527	12.498	12.531	12.399
4511191.3	9.849	12.342	11.271	11.435	11.406	11.442	11.314
4511192.3	10.466	12.733	11.863	12.135	12.128	12.16	12.027
4511193.3	9.784	12.094	11.207	11.383	11.354	11.392	11.267
4514452.3	1.943	2.114	1.951	1.963	1.936	1.944	1.972
4515476.3	8.06	10.032	9.049	9.136	9.09	9.136	9.033
4515477.3	8.406	10.081	9.133	9.267	9.243	9.288	9.184
4515478.3	8.481	10.114	9.148	9.202	9.16	9.194	9.098
4516220.3	11.588	14.715	13.535	13.83	13.88	14.04	13.941
4516288.3	10.715	13.129	11.842	12.093	12.061	12.178	12.086
4516289.3	11.663	14.286	13.38	13.609	13.656	13.731	13.596
4516290.3	12.808	15.689	14.37	14.637	14.625	14.775	14.673
4516291.3	11.787	14.801	13.439	13.653	13.605	13.724	13.615
4516292.3	9.581	12.008	10.697	10.885	10.863	10.979	10.877
4516293.3	11.317	13.784	12.412	12.662	12.639	12.742	12.65
4516366.3	13.45	16.402	15.099	15.368	15.353	15.503	15.401
4516402.3	13.506	16.619	15.383	15.665	15.704	15.854	15.752
4516403.3	13.506	16.619	15.383	15.665	15.704	15.854	15.752
4516455.3	13.45	16.402	15.099	15.368	15.353	15.503	15.401
4516459.3	13.459	16.407	15.104	15.373	15.358	15.508	15.406
4516594.3	13.506	16.619	15.383	15.665	15.704	15.854	15.752
4516637.3	13.676	16.818	15.566	15.848	15.887	16.031	15.929
4516651.3	13.515	16.624	15.386	15.668	15.707	15.857	15.755
4516802.3	13.45	16.402	15.099	15.368	15.353	15.503	15.401
4516803.3	13.667	16.813	15.559	15.841	15.88	16.024	15.922
4516910.3	13.515	16.624	15.388	15.67	15.709	15.859	15.757
4516911.3	13.515	16.624	15.388	15.67	15.709	15.859	15.757
4516952.3	13.515	16.624	15.388	15.67	15.709	15.859	15.757
4517064.3	13.515	16.624	15.386	15.668	15.707	15.857	15.755
4517704.3	10.72	13.069	11.777	12.029	11.999	12.183	12.061
4517705.3	10.95	12.692	11.434	11.669	11.637	11.803	11.696
4517706.3	8.527	9.735	8.456	8.673	8.639	8.818	8.733
4517707.3	10.569	12.775	11.317	11.561	11.542	11.707	11.616
4517708.3	9.867	11.811	10.259	10.482	10.478	10.643	10.567
4517709.3	9.269	10.544	9.593	9.757	9.728	9.834	9.687
4517710.3	11.343	14.202	12.753	13.027	13.007	13.185	13.08
4517711.3	11.343	14.212	12.759	13.027	13.007	13.185	13.08
4517712.3	11.238	13.096	11.813	12.053	12.015	12.196	12.082
4517713.3	11.257	13.153	11.811	12.037	12.011	12.183	12.068
4517714.3	10.241	12.37	11.035	11.264	11.246	11.403	11.315
4517715.3	10.984	13.041	11.789	12.114	12.085	12.279	12.166
4517716.3	10.835	12.733	11.466	11.706	11.667	11.848	11.734
4517717.3	10.737	12.511	10.99	11.161	11.161	11.299	11.225
4517718.3	11.343	13.006	11.682	11.998	11.974	12.171	12.057
4517719.3	9.866	11.081	10.048	10.296	10.225	10.412	10.331
4517720.3	9.886	11.581	10.585	10.87	10.811	10.996	10.907
4517721.3	9.56	11.659	10.494	10.746	10.715	10.895	10.782
4517722.3	9.497	10.318	9.122	9.341	9.293	9.474	9.391
4517723.3	10.6	11.799	10.624	10.839	10.801	10.976	10.871
4517724.3	11.343	13.666	12.449	12.718	12.673	12.866	12.745
4517725.3	11.055	13.262	12.07	12.334	12.295	12.473	12.359
4517726.3	11.343	13.666	12.449	12.718	12.673	12.866	12.745
4517727.3	11.343	14.202	12.753	13.027	13.007	13.185	13.08
4517728.3	11.055	13.262	12.07	12.334	12.295	12.473	12.359
4517729.3	11.055	13.041	11.792	12.129	12.107	12.301	12.187
4517730.3	11.343	13.227	11.96	12.203	12.162	12.343	12.229
4517731.3	9.645	11.687	10.171	10.397	10.409	10.567	10.475
4517732.3	10.518	13.275	11.851	12.12	12.106	12.269	12.171
4517733.3	10.771	13.105	11.547	11.779	11.769	11.94	11.841
4517734.3	11.396	13.738	12.433	12.641	12.624	12.793	12.681
4517735.3	10.474	12.309	11.377	11.572	11.547	11.634	11.486
4517736.3	11.104	13.328	12.123	12.386	12.348	12.526	12.412
4517737.3	11.086	12.822	11.681	11.921	11.888	12.061	11.949
4517738.3	11.115	13.184	11.914	12.212	12.205	12.388	12.265
4517739.3	10.387	11.96	11.073	11.297	11.238	11.355	11.223
4517740.3	10.82	12.635	11.296	11.522	11.488	11.674	11.559
4517741.3	11.03	13.732	12.38	12.647	12.639	12.809	12.706
4517742.3	11.086	13.261	12.17	12.436	12.399	12.584	12.465
4517743.3	11.257	13.592	12.3	12.552	12.522	12.706	12.584
4517744.3	11.055	13.321	12.129	12.392	12.353	12.531	12.417
4517745.3	11.343	14.202	12.753	13.027	13.007	13.185	13.08
4518021.3	2.678	2.728	1.912	1.919	1.976	2.013	2.053
4521534.3	13.506	16.619	15.381	15.663	15.702	15.852	15.75
4522552.3	13.506	16.619	15.381	15.663	15.702	15.852	15.75
4524607.3	12.448	14.473	13.873	14.079	14.034	14.12	13.969
4524971.3	13.401	16.488	15.234	15.513	15.555	15.705	15.603
4525341.3	13.323	16.393	15.152	15.435	15.474	15.624	15.522
4529512.3	1.993	2.047	1.631	1.556	1.594	1.561	1.561
4531566.3	13.285	16.417	15.234	15.513	15.555	15.705	15.603
4531567.3	8.796	9.843	9.249	9.561	9.582	9.69	9.544
4531568.3	13.446	16.611	15.412	15.691	15.733	15.877	15.775
4531569.3	7.492	8.764	8.171	8.353	8.356	8.4	8.259
4531570.3	13.285	16.417	15.234	15.513	15.555	15.705	15.603
4531573.3	13.285	16.417	15.234	15.513	15.555	15.705	15.603
4531583.3	13.285	16.417	15.234	15.513	15.555	15.705	15.603
4531584.3	13.285	16.417	15.234	15.513	15.555	15.705	15.603
4531585.3	13.285	16.417	15.236	15.515	15.557	15.707	15.605
4531586.3	13.361	16.519	15.352	15.637	15.674	15.824	15.722
4531600.3	13.285	16.417	15.234	15.513	15.555	15.705	15.603
4531601.3	13.39	16.548	15.381	15.663	15.702	15.852	15.75
4531602.3	13.256	16.319	15.14	15.429	15.469	15.619	15.517
4531603.3	12.265	14.864	13.692	13.942	13.917	14.066	13.966
4531604.3	13.372	16.307	15.017	15.29	15.272	15.422	15.32
4531605.3	12.884	15.569	14.696	14.937	14.971	15.039	14.904
4531895.3	13.401	16.488	15.236	15.515	15.557	15.707	15.605
4531896.3	12.958	15.858	14.444	14.649	14.637	14.79	14.692
4531897.3	13.515	16.624	15.386	15.668	15.707	15.857	15.755
4531898.3	13.421	16.373	15.07	15.342	15.325	15.475	15.373
4531922.3	13.562	16.682	15.412	15.691	15.733	15.877	15.775
4531923.3	13.15	16.277	15.032	15.295	15.351	15.492	15.389
4531924.3	13.551	16.742	15.559	15.841	15.88	16.024	15.922
4531925.3	13.151	16.046	14.811	15.082	15.067	15.217	15.115
4537102.3	11.144	13.345	12.568	12.83	12.816	12.829	12.703
4537103.3	11.249	13.745	12.858	13.056	13.035	13.04	12.914
4537104.3	12.194	14.41	13.379	13.583	13.589	13.659	13.527
4537105.3	12.209	14.671	13.851	14.056	14.043	14.099	13.971
4539094.3	11.089	13.882	12.425	12.64	12.642	12.79	12.702
4539095.3	10.552	13.349	11.896	12.117	12.119	12.267	12.179
4539502.3	13.354	16.276	14.959	15.225	15.213	15.363	15.261
4539503.3	10.883	13.635	12.294	12.415	12.38	12.495	12.403
4539504.3	12.52	15.485	14.163	14.438	14.404	14.512	14.413
4539505.3	12.547	15.521	14.228	14.51	14.47	14.578	14.479
4539506.3	7.51	10.063	8.725	8.852	8.891	8.932	8.901
4539507.3	13.381	16.464	15.21	15.492	15.532	15.682	15.58
4539508.3	13.401	16.488	15.236	15.515	15.557	15.707	15.605
4539509.3	13.128	15.591	14.248	14.536	14.512	14.665	14.56
4539510.3	12.527	15.636	14.39	14.679	14.698	14.806	14.707
4539511.3	12.791	15.977	14.797	15.091	15.134	15.287	15.188
4539512.3	9.383	11.506	9.924	10.053	10.055	10.145	10.073
4539513.3	13.352	16.422	15.181	15.461	15.502	15.652	15.55
4539514.3	13.285	16.358	15.177	15.457	15.499	15.649	15.547
4539515.3	13.285	16.358	15.175	15.455	15.497	15.647	15.545
4539516.3	13.551	16.683	15.5	15.783	15.822	15.966	15.864
4539517.3	13.401	16.429	15.175	15.455	15.497	15.647	15.545
4539518.3	13.401	16.488	15.234	15.513	15.555	15.705	15.603
4539519.3	13.506	16.56	15.322	15.605	15.644	15.794	15.692
4539520.3	13.506	16.56	15.322	15.605	15.644	15.794	15.692
4539521.3	13.506	16.56	15.322	15.605	15.644	15.794	15.692
4539522.3	13.401	16.429	15.175	15.455	15.497	15.647	15.545
4539523.3	13.562	16.682	15.414	15.693	15.735	15.879	15.777
4539524.3	13.401	16.429	15.175	15.455	15.497	15.647	15.545
4539525.3	13.285	16.417	15.234	15.513	15.555	15.705	15.603
4539526.3	13.39	16.548	15.381	15.663	15.702	15.852	15.75
4539527.3	13.401	16.429	15.175	15.455	15.497	15.647	15.545
4539528.3	13.667	16.754	15.5	15.783	15.822	15.966	15.864
4539571.3	13.401	16.488	15.234	15.513	15.555	15.705	15.603
4539572.3	13.401	16.488	15.234	15.513	15.555	15.705	15.603
4539573.3	13.401	16.488	15.234	15.513	15.555	15.705	15.603
4539574.3	13.401	16.488	15.234	15.513	15.555	15.705	15.603
4539575.3	13.401	16.488	15.234	15.513	15.555	15.705	15.603
4539576.3	13.401	16.488	15.234	15.513	15.555	15.705	15.603
4539577.3	13.401	16.488	15.234	15.513	15.555	15.705	15.603
4539578.3	12.576	15.702	14.443	14.731	14.751	14.859	14.76
4539579.3	13.401	16.429	15.175	15.455	15.497	15.647	15.545
4539580.3	13.323	16.393	15.152	15.435	15.474	15.624	15.522
4539581.3	13.372	16.4	15.146	15.429	15.469	15.619	15.517
4539582.3	13.372	16.4	15.146	15.429	15.469	15.619	15.517
4539583.3	13.401	16.429	15.175	15.455	15.497	15.647	15.545
4539584.3	12.547	15.614	14.355	14.647	14.665	14.773	14.674
4539585.3	10.631	13.515	12.205	12.441	12.425	12.526	12.425
4539586.3	12.587	15.542	14.504	14.843	14.897	15.043	14.935
4539587.3	12.771	15.865	14.714	14.992	14.971	15.118	15.011
4539588.3	12.77	15.619	14.26	14.461	14.444	14.6	14.502
4539589.3	13.2	16.112	14.864	15.134	15.12	15.27	15.168
4539590.3	13.158	16.141	14.89	15.145	15.126	15.276	15.175
4539591.3	12.938	15.638	14.422	14.727	14.728	14.877	14.775
4539592.3	13.372	16.459	15.205	15.487	15.527	15.677	15.575
4539593.3	13.401	16.488	15.234	15.513	15.555	15.705	15.603
4539594.3	13.401	16.488	15.234	15.513	15.555	15.705	15.603
4544291.3	13.229	16.2	14.952	15.218	15.206	15.356	15.254
4544292.3	13.229	16.2	14.952	15.218	15.206	15.356	15.254
4544293.3	13.285	16.417	15.234	15.513	15.555	15.705	15.603
4544294.3	13.285	16.417	15.234	15.513	15.555	15.705	15.603
4544295.3	13.285	16.417	15.234	15.513	15.555	15.705	15.603
4544296.3	13.334	16.331	15.099	15.368	15.353	15.503	15.401
4544297.3	13.229	16.2	14.952	15.218	15.206	15.356	15.254
4544298.3	13.285	16.417	15.234	15.513	15.555	15.705	15.603
4544299.3	13.2	16.112	14.864	15.134	15.12	15.27	15.168
4544300.3	13.285	16.417	15.234	15.513	15.555	15.705	15.603
4544301.3	13.285	16.417	15.234	15.513	15.555	15.705	15.603
4544302.3	13.285	16.417	15.234	15.513	15.555	15.705	15.603
4544303.3	13.285	16.417	15.234	15.513	15.555	15.705	15.603
4544304.3	13.334	16.331	15.099	15.368	15.353	15.503	15.401
4544305.3	13.219	16.228	14.921	15.176	15.174	15.315	15.212
4544306.3	13.285	16.417	15.234	15.513	15.555	15.705	15.603
4544307.3	13.229	16.2	14.952	15.218	15.206	15.356	15.254
4544308.3	12.636	15.13	14.243	14.46	14.445	14.513	14.378
4545012.3	13.229	16.2	14.952	15.218	15.206	15.356	15.254
4545013.3	13.39	16.394	15.13	15.396	15.384	15.528	15.426
4545014.3	13.446	16.611	15.412	15.691	15.733	15.877	15.775
4545015.3	13.229	16.2	14.952	15.218	15.206	15.356	15.254
4545016.3	13.39	16.548	15.381	15.663	15.702	15.852	15.75
4545017.3	13.495	16.525	15.277	15.546	15.531	15.675	15.573
4545018.3	13.39	16.394	15.13	15.396	15.384	15.528	15.426
4545019.3	13.495	16.525	15.277	15.546	15.531	15.675	15.573
4545020.3	13.345	16.271	14.952	15.218	15.206	15.356	15.254
4545021.3	12.8	15.953	14.802	15.076	15.057	15.204	15.097
4545189.3	13.45	16.402	15.099	15.368	15.353	15.503	15.401
4545190.3	13.285	16.417	15.234	15.513	15.555	15.705	15.603
4545191.3	13.506	16.619	15.381	15.663	15.702	15.852	15.75
4545192.3	13.334	16.331	15.099	15.368	15.353	15.503	15.401
4545193.3	13.229	16.2	14.952	15.218	15.206	15.356	15.254
4545446.3	13.334	16.331	15.099	15.368	15.353	15.503	15.401
4545447.3	13.229	16.2	14.952	15.218	15.206	15.356	15.254
4545448.3	13.285	16.417	15.234	15.513	15.555	15.705	15.603
4545449.3	13.506	16.619	15.381	15.663	15.702	15.852	15.75
4545450.3	13.229	16.2	14.952	15.218	15.206	15.356	15.254
4545675.3	13.421	16.373	15.07	15.342	15.325	15.475	15.373
4545676.3	12.933	15.645	14.755	14.989	15.024	15.092	14.957
4545677.3	13.372	16.307	15.017	15.29	15.272	15.422	15.32
4545678.3	13.269	16.373	15.203	15.481	15.514	15.667	15.565
4545679.3	12.906	15.457	14.502	14.72	14.703	14.771	14.636
4545680.3	12.128	14.763	13.756	13.931	13.904	13.972	13.836
4545681.3	13.421	16.373	15.07	15.342	15.325	15.475	15.373
4545682.3	12.857	15.391	14.449	14.668	14.65	14.718	14.583
4545683.3	12.943	16.06	14.867	15.148	15.123	15.27	15.163
4545684.3	13.101	15.965	14.509	14.721	14.703	14.856	14.758
4545685.3	12.504	15.398	14.605	14.847	14.875	14.94	14.8
4545686.3	12.513	15.567	14.263	14.475	14.447	14.6	14.497
4546279.3	13.45	16.402	15.099	15.368	15.353	15.503	15.401
4546280.3	13.611	16.596	15.277	15.546	15.531	15.675	15.573
4546281.3	13.611	16.596	15.277	15.546	15.531	15.675	15.573
4546282.3	13.45	16.402	15.101	15.37	15.355	15.505	15.403
4546283.3	13.611	16.596	15.279	15.548	15.533	15.677	15.575
4546284.3	13.45	16.402	15.099	15.368	15.353	15.503	15.401
4546285.3	13.45	16.402	15.099	15.368	15.353	15.503	15.401
4546286.3	11.777	14.27	12.988	13.235	13.22	13.373	13.278
4546287.3	13.611	16.596	15.277	15.546	15.531	15.675	15.573
4546288.3	13.611	16.596	15.277	15.546	15.531	15.675	15.573
4546289.3	13.667	16.813	15.559	15.841	15.88	16.024	15.922
4546290.3	13.611	16.596	15.277	15.546	15.531	15.675	15.573
4546291.3	13.611	16.596	15.277	15.546	15.531	15.675	15.573
4546292.3	13.45	16.402	15.099	15.368	15.353	15.503	15.401
4546293.3	13.45	16.402	15.099	15.368	15.353	15.503	15.401
4546294.3	12.396	14.896	13.474	13.669	13.64	13.786	13.69
4546367.3	13.506	16.619	15.381	15.663	15.702	15.852	15.75
4546368.3	13.611	16.596	15.277	15.546	15.531	15.675	15.573
4546369.3	13.39	16.548	15.381	15.663	15.702	15.852	15.75
4546370.3	13.506	16.465	15.13	15.396	15.384	15.528	15.426
4546371.3	13.495	16.525	15.277	15.546	15.531	15.675	15.573
4546372.3	13.667	16.813	15.559	15.841	15.88	16.024	15.922
4546373.3	13.562	16.682	15.412	15.691	15.733	15.877	15.775
4546374.3	13.45	16.402	15.099	15.368	15.353	15.503	15.401
4546375.3	13.446	16.459	15.224	15.494	15.478	15.622	15.52
4546376.3	12.321	14.799	13.782	13.984	13.936	14.104	13.985
4548349.3	13.455	16.616	15.419	15.698	15.74	15.884	15.782
4548350.3	13.676	16.818	15.566	15.848	15.887	16.031	15.929
4549766.3	13.571	16.687	15.419	15.698	15.74	15.884	15.782
4549767.3	13.401	16.488	15.234	15.513	15.555	15.705	15.603
4550335.3	12.176	14.468	13.318	13.534	13.504	13.66	13.556
4550336.3	12.176	14.468	13.318	13.534	13.504	13.66	13.556
4550960.3	13.401	16.488	15.234	15.513	15.555	15.705	15.603
4554152.3	8.78	9.211	8.435	8.539	8.544	8.602	8.488
4554153.3	7.748	8.22	6.95	7.14	7.115	7.202	7.149
4554154.3	7.644	8.48	7.297	7.51	7.598	7.676	7.656
4554155.3	10.38	12.624	11.404	11.658	11.716	11.866	11.776
4554156.3	7.682	8.96	7.546	7.619	7.631	7.726	7.653
4554157.3	10.872	13.571	12.203	12.353	12.349	12.494	12.425
4554158.3	7.567	9.036	8.149	8.346	8.303	8.284	8.17
4554159.3	9.972	11.813	10.741	10.878	10.875	10.943	10.829
4557977.3	5.457	6.182	5.078	5.103	5.068	5.112	5.027
4621752.3	13.401	16.429	15.177	15.457	15.499	15.649	15.547
4621753.3	13.401	16.488	15.234	15.513	15.555	15.705	15.603
4621754.3	13.401	16.488	15.236	15.515	15.557	15.707	15.605
4621755.3	13.446	16.552	15.355	15.635	15.677	15.821	15.719
4621756.3	13.676	16.818	15.564	15.846	15.885	16.029	15.927
4621757.3	13.562	16.682	15.412	15.691	15.733	15.877	15.775
4621758.3	11.073	14.07	12.812	13.09	13.089	13.249	13.15
4621759.3	13.667	16.754	15.5	15.783	15.822	15.966	15.864
4557977.3	5.443	6.086	5.009	5.024	5.013	5.021	4.94
4621760.3	13.146	16.337	15.057	15.347	15.393	15.54	15.441
4621761.3	13.345	16.271	14.954	15.22	15.208	15.358	15.256
4621762.3	12.924	15.909	14.416	14.635	14.624	14.774	14.679
4621763.3	13.401	16.488	15.236	15.515	15.557	15.707	15.605
4557978.3	9.156	10.882	9.882	10.055	10.022	10.048	9.934
4557979.3	2.717	3.267	2.858	2.778	2.824	2.737	2.736
4557980.3	7.73	9.558	8.364	8.527	8.515	8.632	8.555
4557981.3	8.383	10.165	8.998	9.226	9.246	9.33	9.238
4557982.3	7.678	9.16	7.764	7.841	7.82	7.92	7.858
4557983.3	10.785	13.807	12.544	12.831	12.808	12.926	12.83
4557984.3	9.698	11.87	10.896	11.208	11.181	11.298	11.193
4559109.3	10.446	13.538	12.248	12.417	12.389	12.506	12.407
4557985.3	10.026	12.17	11.156	11.387	11.342	11.378	11.244
4557986.3	13.399	16.34	15.076	15.343	15.331	15.475	15.373
4557987.3	12.035	14.943	13.697	13.964	13.959	14.116	14.014
4557988.3	10.58	12.333	11.711	11.981	11.946	11.993	11.844
4557989.3	10.357	11.393	10.533	10.587	10.553	10.635	10.498
4557990.3	11.387	14.395	13.039	13.199	13.193	13.352	13.25
4557991.3	2.143	2.623	2.329	2.38	2.328	2.302	2.306
4557992.3	10.167	12.722	11.729	11.883	11.862	11.954	11.809
4557993.3	9.271	11.497	10.444	10.569	10.523	10.561	10.427
4557994.3	6.396	7.306	6.44	6.752	6.811	6.748	6.716
4557995.3	8.954	11.018	10.06	10.177	10.169	10.208	10.082
4557996.3	10.871	13.532	12.327	12.694	12.676	12.805	12.695
4557997.3	13.274	16.212	14.892	15.147	15.128	15.278	15.177
4557998.3	9.729	12.141	10.855	11.043	11.013	11.121	11.037


